"Body.site" "Phase" "Sample.Id" "mecA_reads" "mecA_cov" "Staph_reads" "Staph_cov" "CC_1" "CC_5" "CC_8" "CC_9" "CC_15" "CC_20" "CC_22" "CC_30" "CC_45" "CC_49" "CC_50" "CC_59" "CC_72" "CC_75" "CC_78" "CC_80" "CC_93" "CC_97" "CC_121" "CC_123" "CC_130" "CC_133" "CC_151" "CC_239" "CC_291" "CC_398" "CC_425" "CC_522" "CC_700" "CC_779" "CC_1021" "CC_2198" "CC_2361" "Subject.Id"
"1" "anterior nares" "Phase 1" "SRS011105" 0 0 2015404 70.8534029 0 0 0.001394338 6.09e-05 0.000299417 0.000689464 0 0 0 0 0 0.982268957 0 8.83e-05 0 0 0.002170696 0 0 0.004175913 0 0.003789092 0 0 0 0 0 0 0.001971859 0 0.002276051 0.000815064 0 "8"
"2" "anterior nares" "Phase 1" "SRS011132" 0 0 234 0.008226487731 0 0.153467729 0.156515694 0 0 0 0 0 0 0 0 0 0.67477675 0 0 0 0 0 0 0 0 0 0 0 0 0 0 0 0 0 0 0 0.015239827 "9"
"3" "anterior nares" "Phase 1" "SRS011397" 0 0 2743 0.09643271729 0 0 1 0 0 0 0 0 0 0 0 0 0 0 0 0 0 0 0 0 0 0 0 0 0 0 0 0 0 0 0 0 0 "16"
"4" "anterior nares" "Phase 1" "SRS013155" 17 0.8555057299 18369 0.6457792869 0 0 0 0 0 0 0 0 0 0 0 0 0 0.128906441 0 0 0 0 0 0 0 0.449526228 0.421567331 0 0 0 0 0 0 0 0 0 0 "27"
"5" "anterior nares" "Phase 1" "SRS013269" 2 0.1006477329 27149 0.9544483565 0 0 0 0.001049794 0 0 0 0.981636609 0.002352685 0.00122325 0 0 0 0.000835187 0 0 0 0.00140083 0 0 0 0 0 0 0.008739697 0 0 0 0 0 0.001514554 8.63e-05 0.001161136 "28"
"6" "anterior nares" "Phase 1" "SRS013637" 0 0 476 0.01673422291 0 0 0.988235294 0 0 0 0 0 0 0 0 0 0 0 0 0 0 0 0 0 0 0 0.011764706 0 0 0 0 0 0 0 0 0 0 "18"
"7" "anterior nares" "Phase 1" "SRS013956" 4 0.2012954659 6568 0.2309041514 0 0 0 0 0 0 0.170218651 0 0 0 0 0 0 0 0 0 0 0.829781349 0 0 0 0 0 0 0 0 0 0 0 0 0 0 0 "63"
"8" "anterior nares" "Phase 1" "SRS014901" 0 0 2585 0.09087808028 0 0 0 0 0 0 0 0 0 0 0 0.997346939 0 0 0 0 0 0 0 0.002653061 0 0 0 0 0 0 0 0 0 0 0 0 0 "70"
"9" "anterior nares" "Phase 1" "SRS015051" 0 0 3482 0.1224129499 0 0 0 0 0.728274286 0.262510983 0 0 0 0 0 0 0 0 0 0 0 0 0.006541923 0 0 0 0.002672807 0 0 0 0 0 0 0 0 0 0 "71"
"10" "anterior nares" "Phase 1" "SRS015430" 0 0 752 0.02643725972 0 0.005259639 0 0 0 0 0 0 0 0 0 0.933905693 0 0 0 0 0 0 0 0 0 0.031222892 0 0 0 0 0 0 0.029611776 0 0 0 0 "76"
"11" "anterior nares" "Phase 1" "SRS015450" 0 0 863 0.030339568 0 0 0 0 0 0 0 0 0 0 0 0.985352863 0 0 0 0.014647137 0 0 0 0 0 0 0 0 0 0 0 0 0 0 0 0 0 "76"
"12" "anterior nares" "Phase 1" "SRS015937" 2 0.1006477329 7357 0.2586421805 0 0.633935711 0.040940349 0 0 0 0 0 0 0 0 0 0 0 0 0 0 0 0 0 0 0.266751959 0 0 0 0 0 0 0.058371981 0 0 0 0 "81"
"13" "anterior nares" "Phase 1" "SRS016292" 19 0.9561534629 2416 0.08493672803 0 0 0 0 0 0 0 0 0 0 0 0 0 0 0 0 0.177304965 0 0 0 0 0.709219858 0 0 0 0.113475177 0 0 0 0 0 0 0 "93"
"14" "anterior nares" "Phase 1" "SRS016581" 0 0 34748 1.221598272 0 0 0.000638058 0 0 0.005603353 0.021624383 0 0.800065528 0.01191876 0 0.012341722 0 0 0 0 0.002590782 0 0.008581482 0 0 0.012374483 0.012188798 0 0.045278476 0.041241401 0.013201527 0.002180897 0 0 0.010170349 0 0 "34"
"15" "anterior nares" "Phase 1" "SRS017156" 2 0.1006477329 39950 1.404479422 0 0 0.006707828 0 0.00123044 0 0 0.991740534 0 0 0 0 0 0.000263237 0 0 0 0 0 0 0 0 0 0 0 0 0 0 0 0 0 5.8e-05 0 "26"
"16" "anterior nares" "Phase 1" "SRS017244" 2 0.1006477329 355 0.01248035532 0 0 0.142857143 0 0 0 0 0 0 0 0 0 0 0 0 0 0 0 0 0 0 0 0 0 0 0 0 0 0 0.857142857 0 0 0 "33"
"17" "anterior nares" "Phase 1" "SRS018312" 0 0 2001 0.07034701688 0 0 0 0 0.003598791 0 0.00381854 0.989698928 0 0 0 0 0 0.00288374 0 0 0 0 0 0 0 0 0 0 0 0 0 0 0 0 0 0 0 "37"
"18" "anterior nares" "Phase 1" "SRS018369" 0 0 17167 0.6035218585 0 0 0 0 0 0 0 0.995062642 0 0.000736878 0 0.000490965 0 0 0 0 0 0 0 0 0 0.000105538 0 0 0 0 0 0 0 0 0.003603976 0 0 "35"
"19" "anterior nares" "Phase 1" "SRS018671" 0 0 1644 0.0577963497 0 0 0.071428571 0 0 0 0 0 0 0 0 0.928571429 0 0 0 0 0 0 0 0 0 0 0 0 0 0 0 0 0 0 0 0 0 "91"
"20" "anterior nares" "Phase 1" "SRS018981" 0 0 1119 0.0393394862 0 0 0.596153846 0 0 0 0 0 0 0 0 0 0 0 0 0 0 0 0 0 0.403846154 0 0 0 0 0 0 0 0 0 0 0 0 "80"
"21" "anterior nares" "Phase 1" "SRS019067" 0 0 2984 0.1049052965 0 0.008042596 0 0 0 0 0 0 0 0 0 0.991957404 0 0 0 0 0 0 0 0 0 0 0 0 0 0 0 0 0 0 0 0 0 "76"
"22" "anterior nares" "Phase 1" "SRS019087" 0 0 2628 0.09238978529 0 0 0 0 0 0 0 0 0 0 0 0.964425995 0 0.001127525 0 0 0 0 0 0 0 0 0.013805871 0 0 0 0.01033674 0 0.010303869 0 0 0 0 "76"
"23" "anterior nares" "Phase 1" "SRS019119" 24 1.207772795 21641 0.7608094914 0 0 0 0 0.378288847 0 0.121699136 0 0.008019845 0 0.008266229 0 0 0.002447282 0 0.474200715 0 0 0 0 0 0 0.007077945 0 0 0 0 0 0 0 0 0 0 "63"
"24" "anterior nares" "Phase 1" "SRS019215" 0 0 10849 0.3814066897 0.988707581 0 0 0 0 0 0.00828732 0 0.00053729 0 0 0 0 0.000197393 0 0 0 0 0 0 0 0.000770639 0 0 0 0 0 0 0 0 0.000992247 0.000507531 0 "92"
"25" "anterior nares" "Phase 1" "SRS019339" 0 0 773 0.02717553426 0 0 0 0 0 0 0 0 0 0 0 0 0 1 0 0 0 0 0 0 0 0 0 0 0 0 0 0 0 0 0 0 0 "100"
"26" "anterior nares" "Phase 1" "SRS019867" 0 0 507 0.01782405675 0 0 0.904761905 0 0 0 0 0.095238095 0 0 0 0 0 0 0 0 0 0 0 0 0 0 0 0 0 0 0 0 0 0 0 0 0 "90"
"27" "anterior nares" "Phase 1" "SRS019986" 0 0 7240 0.2545289366 0.198955463 0 0 0 0 0 0 0 0.10856997 0 0.213032354 0 0.061562801 0 0 0 0.0493684 0 0 0 0 0 0.148244524 0.175920824 0 0 0 0 0.044345664 0 0 0 0 "42"
"28" "anterior nares" "Phase 1" "SRS020386" 67 3.371699053 36176 1.271800941 0 0 0 0.083250643 0.005301171 0.041868117 0.026894182 0 0.005266587 0.149305637 0.128129439 0.193890366 0.057713934 0.001177552 0.036730212 0.024464299 0.024044137 0.017628881 0.015127484 0.032525245 0 0.010484651 0.02510477 0 0 0.001930462 0.012044806 0.023492586 0 0.048630486 0.033617188 0.00027894 0.001098225 "43"
"29" "anterior nares" "Phase 1" "SRS020868" 0 0 17037 0.5989515875 0.252680119 0.06402608 0 0.082891447 0.05377951 0.134231964 0.006906322 0 0.0015864 0 0 0 0.18324342 0 0.057336712 0.071009806 0.003693778 0.084557838 0 0 0 0 0 0 0 0 0 0.002654762 0 0 0 0.001401841 0 "44"
"30" "anterior nares" "Phase 1" "SRS021483" 0 0 4545 0.159783704 0 0 0 0 0 0.023467116 0.006891717 0 0 0 0 0 0.961672113 0 0 0 0 0 0 0 0 0 0 0 0 0 0 0.007349509 0 0 0 0 0.000619545 "9"
"31" "anterior nares" "Phase 1" "SRS022129" 0 0 6235 0.2191972265 0.247364444 0.037273093 0 0.070980604 0.09825342 0.067214626 0.014760519 0 0.007006423 0 0 0 0.08758919 0 0.044571614 0.157902164 0 0.080047861 0 0 0 0 0 0 0.005997683 0 0 0 0 0.079622418 0 0.001415942 0 "7"
"32" "anterior nares" "Phase 1" "SRS022645" 0 0 21658 0.7614071422 0 0 0 0 0.249981404 0.238509086 0 0 0.011434091 0 0 0.011231512 0 0 0 0.297575588 0 0 0 0.000508902 0 0 0 0.17817228 0.009938749 0 0 0 0 0 0 0.002648388 0 "10"
"33" "anterior nares" "Phase 1" "SRS023212" 2 0.1006477329 417 0.01466002301 0 0 1 0 0 0 0 0 0 0 0 0 0 0 0 0 0 0 0 0 0 0 0 0 0 0 0 0 0 0 0 0 0 "14"
"34" "anterior nares" "Phase 1" "SRS023847" 115 5.787244644 16186 0.5690338907 0 0 0 0 0 0 0 0 0 0 0 0 0 0 0 0 0 0 0 0 0 0 0 0 0 0 0 0 0 1 0 0 0 "13"
"35" "anterior nares" "Phase 1" "SRS024424" 57 2.868460389 287028 10.09073641 0.110637628 0.075926528 0.097932272 0.095670292 0.031712365 0.103375459 0.020406142 0 0 0 0.004228972 0.002897454 0.13219982 0.000357518 0.086783544 0.067373119 8.12e-06 0.073929215 0.003606624 0.000938797 0 0.002512735 0 0.010980894 0.000487449 0.000202434 0 0.004702293 0 0.072999976 0 0.000130347 0 "31"
"36" "anterior nares" "Phase 1" "SRS024567" 3 0.1509715994 3568 0.1254363599 0 0 0 0 0 0 0 0.987844814 0.005062716 0 0 0 0.004519185 0 0 0 0 0.002573285 0 0 0 0 0 0 0 0 0 0 0 0 0 0 0 "28"
"37" "anterior nares" "Phase 1" "SRS044474" 37 1.861983059 4137 0.1454400844 0 0.43444026 0.28962684 0 0 0 0 0 0 0 0 0 0 0 0 0 0 0 0 0 0 0 0 0 0 0 0 0 0.180417665 0 0 0 0.095515235 "25"
"38" "anterior nares" "Phase 1" "SRS044626" 0 0 290 0.01019521984 0 0 1 0 0 0 0 0 0 0 0 0 0 0 0 0 0 0 0 0 0 0 0 0 0 0 0 0 0 0 0 0 0 "81"
"39" "anterior nares" "Phase 1" "SRS047225" 13 0.6542102641 4073 0.1431901048 0 0 0 0 0 0 0 0 0 0 0 0 0 0 0 0 0 0 0 0 0 0.5625 0 0 0 0 0 0 0.4375 0 0 0 0 "33"
"40" "anterior nares" "Phase 1" "SRS049744" 0 0 475 0.01669906698 0 0.004071661 0 0 0 0 0 0 0 0 0 0.995928339 0 0 0 0 0 0 0 0 0 0 0 0 0 0 0 0 0 0 0 0 0 "84"
"41" "anterior nares" "Phase 1" "SRS050025" 0 0 49433 1.737863111 0 0 0 0 0 0 0.00088652 0.989468805 0.00067355 0.000800431 0 0 9.63e-05 0.000599438 0 0 0 0.000183582 0 0 0 0.001341077 0.000452601 0 0 0.003653125 0 0 0 0.001392737 0 0 0.000451863 "52"
"42" "anterior nares" "Phase 1" "SRS050484" 2 0.1006477329 3833 0.1347526815 0 0 0 0 0 0 0 0 1 0 0 0 0 0 0 0 0 0 0 0 0 0 0 0 0 0 0 0 0 0 0 0 0 "77"
"43" "anterior nares" "Phase 1" "SRS053437" 4 0.2012954659 19341 0.6799508513 0 0 0.881729138 0 0.051992717 0 0.011649689 0 1.68e-05 0 0 0 0 0 0 0 0 0 0 0 0 0.002925201 0 0 0 0.000452836 0 0.000683653 0 0.050549975 0 0 0 "104"
"44" "anterior nares" "Phase 1" "SRS056210" 0 0 4626 0.1626313344 0 0 0.025821982 0 0 0 0 0 0.747788968 0 0 0 0 0 0 0 0.008380082 0 0.025033433 0 0 0 0.032081055 0 0.110714429 0 0 0.027536949 0 0 0.022643101 0 0 "67"
"45" "anterior nares" "Phase 1" "SRS056906" 0 0 7925 0.278610749 0 0 0.712716916 0 0 0 0 0 0 0 0 0 0 0 0 0 0 0 0 0 0.217762951 0 0 0 0 0 0 0 0 0.056811757 0 0.012708376 0 "55"
"46" "anterior nares" "Phase 1" "SRS058213" 7 0.3522670653 8002 0.2813177557 0 0 0 0 0 0 0 0 0.40625 0 0 0 0 0 0 0 0 0 0 0 0 0 0 0 0 0 0 0 0.59375 0 0 0 0 "61"
"47" "anterior nares" "Phase 1" "SRS065142" 0 0 1622 0.05702291923 0 0 0 0 0 0 0 0 0 0 0 0.071018879 0 0 0 0 0 0.530900375 0 0 0 0 0 0 0 0 0 0.11814399 0 0 0 0 0.279936757 "75"
"48" "anterior nares" "Phase 1" "SRS065179" 2 0.1006477329 381 0.01339440951 0 0 0 0 0 0 0 0 0 0 0 0 0 0 0 0 0 0 0 0 0 0 0 0 0 0 0 0 0 0 0 1 0 "74"
"49" "attached keratinized gingiva" "Phase 1" "SRS014687" 0 0 34510 1.213231161 0 0 0 0 0 0 0 0 0 0 0 0 0 0 0 0 0 0 0.882352941 0 0 0 0 0 0 0 0 0 0 0 0 0.117647059 0 "72"
"50" "attached keratinized gingiva" "Phase 1" "SRS019025" 0 0 6538 0.2298494734 0 0 0 0 0 0 0 0 0 0 0 0 0 0 0 0 0 0 0.969230769 0 0 0 0 0 0 0 0 0 0 0 0 0.030769231 0 "72"
"51" "buccal mucosa" "Phase 1" "SRS011090" 0 0 2569 0.09031558539 0 0 0 0 0 0 0 0 0 0 0 0 0 1 0 0 0 0 0 0 0 0 0 0 0 0 0 0 0 0 0 0 0 "8"
"52" "buccal mucosa" "Phase 1" "SRS011144" 0 0 1227 0.04313632669 0 0 1 0 0 0 0 0 0 0 0 0 0 0 0 0 0 0 0 0 0 0 0 0 0 0 0 0 0 0 0 0 0 "10"
"53" "buccal mucosa" "Phase 1" "SRS011247" 0 0 12848 0.4516833947 0 0 0.398230088 0 0 0 0 0 0.442477876 0 0 0 0 0 0 0 0 0 0 0 0 0 0.159292035 0 0 0 0 0 0 0 0 0 0 "11"
"54" "buccal mucosa" "Phase 1" "SRS011310" 0 0 13933 0.4898275793 0 0 0 0 0 0 0 0.953846154 0 0 0 0 0 0 0 0 0 0 0 0 0 0 0 0 0 0 0 0 0 0 0 0.046153846 0 "15"
"55" "buccal mucosa" "Phase 1" "SRS012281" 0 0 738 0.02594507669 0 0 0.916666667 0 0 0 0 0 0 0 0 0 0 0 0 0 0.083333333 0 0 0 0 0 0 0 0 0 0 0 0 0 0 0 0 "7"
"56" "buccal mucosa" "Phase 1" "SRS013506" 0 0 6757 0.2375486222 0.706655711 0 0 0 0 0 0 0.078882498 0 0 0 0 0 0.037797864 0 0 0 0 0 0 0 0 0 0 0 0.176663928 0 0 0 0 0 0 0 "18"
"57" "buccal mucosa" "Phase 1" "SRS014890" 0 0 2094 0.07361651841 0 0 0 0 0 0 0 1 0 0 0 0 0 0 0 0 0 0 0 0 0 0 0 0 0 0 0 0 0 0 0 0 0 "70"
"58" "buccal mucosa" "Phase 1" "SRS015374" 0 0 5036 0.1770452659 0 0 0.4 0.4 0 0.2 0 0 0 0 0 0 0 0 0 0 0 0 0 0 0 0 0 0 0 0 0 0 0 0 0 0 0 "74"
"59" "buccal mucosa" "Phase 1" "SRS015646" 0 0 8836 0.3106378017 0 0 0 0 0 0 0 0 0 0 0 0 0 0 0 0 0 0 0 0 0 0 0 0 0 0 0 0 0 0 0 1 0 "84"
"60" "buccal mucosa" "Phase 1" "SRS015799" 0 0 6104 0.2145917996 0 0 0 0 0 0 0 0.967741935 0 0 0 0 0 0 0 0 0 0 0 0 0 0 0 0 0 0 0 0 0 0 0 0.032258065 0 "63"
"61" "buccal mucosa" "Phase 1" "SRS016088" 0 0 441 0.01550376534 0 0 1 0 0 0 0 0 0 0 0 0 0 0 0 0 0 0 0 0 0 0 0 0 0 0 0 0 0 0 0 0 0 "86"
"62" "buccal mucosa" "Phase 1" "SRS016196" 0 0 4232 0.1487798978 0 0 0 0 0 0 0 1 0 0 0 0 0 0 0 0 0 0 0 0 0 0 0 0 0 0 0 0 0 0 0 0 0 "87"
"63" "buccal mucosa" "Phase 1" "SRS017127" 0 0 16039 0.5638659689 0 0.008024334 0.980315829 0 0 0 0 0 0 0 0 0 0 0.002031973 0 0 0 0 0 0 0 0 0.009627864 0 0 0 0 0 0 0 0 0 0 "26"
"64" "buccal mucosa" "Phase 1" "SRS017215" 0 0 26442 0.9295931136 0 0 0.967818232 0 0 0 0 0 0 0 0 0 0 0.007072824 0 0 0 0 0 0 0 0 0.025108944 0 0 0 0 0 0 0 0 0 0 "33"
"65" "buccal mucosa" "Phase 1" "SRS017441" 0 0 6435 0.2262284126 0 1 0 0 0 0 0 0 0 0 0 0 0 0 0 0 0 0 0 0 0 0 0 0 0 0 0 0 0 0 0 0 0 "37"
"66" "buccal mucosa" "Phase 1" "SRS017537" 0 0 4208 0.1479361554 0 0 1 0 0 0 0 0 0 0 0 0 0 0 0 0 0 0 0 0 0 0 0 0 0 0 0 0 0 0 0 0 0 "39"
"67" "buccal mucosa" "Phase 1" "SRS017687" 0 0 5092 0.179013998 0 0 0.995240613 0 0 0 0 0 0 0 0 0 0 0.004759387 0 0 0 0 0 0 0 0 0 0 0 0 0 0 0 0 0 0 0 "40"
"68" "buccal mucosa" "Phase 1" "SRS017810" 0 0 4122 0.1449127454 0 0.047619048 0.952380952 0 0 0 0 0 0 0 0 0 0 0 0 0 0 0 0 0 0 0 0 0 0 0 0 0 0 0 0 0 0 "41"
"69" "buccal mucosa" "Phase 1" "SRS018149" 0 0 48160 1.693109612 0 0.121856539 0.85958871 0 0 0 0 0 0 0 0 0 0.004731624 0 0 0 0 0 0 0 0 0 0 0 0 0 0 0 0 0 0 0.013823127 0 "35"
"70" "buccal mucosa" "Phase 1" "SRS018329" 0 0 8331 0.2928840568 0 0 0.591397849 0 0 0 0 0.088172043 0 0 0 0.320430108 0 0 0 0 0 0 0 0 0 0 0 0 0 0 0 0 0 0 0 0 0 "37"
"71" "buccal mucosa" "Phase 1" "SRS018359" 0 0 6421 0.2257362296 0 0 0.857142857 0 0 0 0 0.142857143 0 0 0 0 0 0 0 0 0 0 0 0 0 0 0 0 0 0 0 0 0 0 0 0 0 "35"
"72" "buccal mucosa" "Phase 1" "SRS018443" 0 0 7989 0.2808607286 0 0 0.952380952 0 0 0 0 0.047619048 0 0 0 0 0 0 0 0 0 0 0 0 0 0 0 0 0 0 0 0 0 0 0 0 0 "36"
"73" "buccal mucosa" "Phase 1" "SRS019073" 0 0 12798 0.4499255982 0 0 0 0 0 0 0 0 0 0 0 0 0 0 0 0 0 0 0.95890411 0 0 0 0 0 0 0 0 0 0 0 0 0.04109589 0 "76"
"74" "buccal mucosa" "Phase 1" "SRS019124" 0 0 8081 0.2840950742 0 0 0 0 0 0 0 0 0 0 0 0 0 0 0 0 0 0 1 0 0 0 0 0 0 0 0 0 0 0 0 0 0 "63"
"75" "buccal mucosa" "Phase 1" "SRS019976" 2 0.1006477329 4682 0.1646000665 0 0 0 0 0 0.91011236 0 0.08988764 0 0 0 0 0 0 0 0 0 0 0 0 0 0 0 0 0 0 0 0 0 0 0 0 0 "42"
"76" "buccal mucosa" "Phase 1" "SRS020336" 2 0.1006477329 1281 0.04503474694 0 1 0 0 0 0 0 0 0 0 0 0 0 0 0 0 0 0 0 0 0 0 0 0 0 0 0 0 0 0 0 0 0 "43"
"77" "buccal mucosa" "Phase 1" "SRS021473" 0 0 6401 0.225033111 0 0 0 0 0 0 0 0.882352941 0 0 0 0 0 0 0 0 0 0 0 0 0 0 0 0 0 0 0 0 0 0 0 0.117647059 0 "9"
"78" "buccal mucosa" "Phase 1" "SRS022532" 0 0 4468 0.1570766974 0 0.77593361 0.008298755 0 0 0 0 0 0 0 0 0 0 0 0 0 0 0 0.177593361 0 0 0 0 0.028215768 0 0 0 0 0 0.009958506 0 0 0 "106"
"79" "buccal mucosa" "Phase 1" "SRS022625" 0 0 9824 0.345371861 0 0 0 0 0 0 0 0.934782609 0 0 0 0 0 0 0 0 0 0 0 0 0 0 0 0 0 0 0 0 0 0 0 0.065217391 0 "10"
"80" "buccal mucosa" "Phase 1" "SRS024281" 0 0 27807 0.9775809587 0 0 0 0 0 0 0 0.875 0 0 0 0 0 0 0 0 0 0 0 0 0 0 0 0 0 0 0 0 0 0 0 0.125 0 "15"
"81" "buccal mucosa" "Phase 1" "SRS024347" 0 0 4652 0.1635453886 0 0 0.927707911 0 0 0 0 0.041460446 0 0 0 0 0 0 0 0 0 0 0 0 0 0 0.030831643 0 0 0 0 0 0 0 0 0 0 "26"
"82" "buccal mucosa" "Phase 1" "SRS024470" 0 0 3354 0.1179129908 0 0 0 0 0 0 0 0 0 0 0 0 0 0 0 0 0 0 0 0 0 0 0 0 0 1 0 0 0 0 0 0 0 "27"
"83" "buccal mucosa" "Phase 1" "SRS024641" 2 0.1006477329 398 0.01399206033 0 0 0.96 0 0 0 0 0 0 0 0 0 0 0 0 0 0 0 0 0 0 0 0.04 0 0 0 0 0 0 0 0 0 0 "29"
"84" "buccal mucosa" "Phase 1" "SRS043646" 0 0 1454 0.05111672291 0 0.333333333 0 0 0 0 0 0 0 0 0 0 0.666666667 0 0 0 0 0 0 0 0 0 0 0 0 0 0 0 0 0 0 0 0 "56"
"85" "buccal mucosa" "Phase 1" "SRS043676" 0 0 19403 0.682130519 0 0 0.421052632 0.421052632 0 0 0 0.157894737 0 0 0 0 0 0 0 0 0 0 0 0 0 0 0 0 0 0 0 0 0 0 0 0 0 "68"
"86" "buccal mucosa" "Phase 1" "SRS043803" 0 0 1168 0.04106212679 0 0 1 0 0 0 0 0 0 0 0 0 0 0 0 0 0 0 0 0 0 0 0 0 0 0 0 0 0 0 0 0 0 "94"
"87" "buccal mucosa" "Phase 1" "SRS045049" 0 0 8370 0.2942551381 0 0 0 0 0 0 0 0.984615385 0 0 0 0 0 0 0 0 0 0 0 0 0 0 0 0.015384615 0 0 0 0 0 0 0 0 0 "52"
"88" "buccal mucosa" "Phase 1" "SRS045978" 0 0 3631 0.1276511836 0 0 0 0 0 0 0 0 0 0 0 0 0 0 0 0 0 0 1 0 0 0 0 0 0 0 0 0 0 0 0 0 0 "67"
"89" "buccal mucosa" "Phase 1" "SRS048719" 0 0 5340 0.1877326687 0 0 0.6 0 0 0 0 0.4 0 0 0 0 0 0 0 0 0 0 0 0 0 0 0 0 0 0 0 0 0 0 0 0 0 "107"
"90" "buccal mucosa" "Phase 1" "SRS050628" 0 0 11648 0.4094962782 0 0 0 0 0 0 0 0.972972973 0 0 0 0 0 0 0 0 0 0 0 0 0 0 0 0 0 0 0 0 0 0 0 0.027027027 0 "105"
"91" "buccal mucosa" "Phase 1" "SRS052668" 0 0 4501 0.1582368431 0 0 0 0 0 0 0 1 0 0 0 0 0 0 0 0 0 0 0 0 0 0 0 0 0 0 0 0 0 0 0 0 0 "50"
"92" "buccal mucosa" "Phase 1" "SRS054569" 0 0 15505 0.545092702 0 0.9375 0 0 0 0 0 0.0625 0 0 0 0 0 0 0 0 0 0 0 0 0 0 0 0 0 0 0 0 0 0 0 0 0 "35"
"93" "buccal mucosa" "Phase 1" "SRS054776" 0 0 4748 0.1669203579 0 0 0 0 0 0 0 0.25 0 0 0 0 0 0 0 0 0 0 0.75 0 0 0 0 0 0 0 0 0 0 0 0 0 0 "78"
"94" "buccal mucosa" "Phase 1" "SRS058105" 0 0 20938 0.7360948723 0 0 0.005730659 0 0 0 0 0 0 0 0 0.994269341 0 0 0 0 0 0 0 0 0 0 0 0 0 0 0 0 0 0 0 0 0 "84"
"95" "buccal mucosa" "Phase 1" "SRS063272" 0 0 3893 0.1368620373 0 0 0.002144197 0 0 0 0 0.028008577 0 0 0 0 0 0 0 0 0 0.969847226 0 0 0 0 0 0 0 0 0 0 0 0 0 0 0 "75"
"96" "buccal mucosa" "Phase 1" "SRS063478" 0 0 794 0.0279138088 0 0 0 0 0 0 0 0 0 0 0 0 0 0 0 0 0 0 0 0 0 0 0 0 0 0 0 0 0 0 0 1 0 "69"
"97" "buccal mucosa" "Phase 1" "SRS064809" 0 0 5212 0.1832327096 0 0 0.141414141 0 0 0 0 0 0.858585859 0 0 0 0 0 0 0 0 0 0 0 0 0 0 0 0 0 0 0 0 0 0 0 0 "71"
"98" "hard palate" "Phase 1" "SRS062878" 0 0 40252 1.415096513 0 0.1965843 0.390790872 0 0 0 0 0 0.397146726 0 0 0 0 0.015478102 0 0 0 0 0 0 0 0 0 0 0 0 0 0 0 0 0 0 0 "102"
"99" "left retroauricular crease" "Phase 1" "SRS013258" 0 0 4366 0.1534907925 0 0 0 0 0 0 0 0 0.469046877 0 0.237238442 0 0 0 0 0 0 0 0 0 0 0 0.141617516 0 0 0 0 0 0 0 0 0 0.152097165 "28"
"100" "left retroauricular crease" "Phase 1" "SRS016944" 0 0 10777 0.3788754627 0 0 0.990282504 0 0 0 0 0.004185238 0.001049276 0 0 0 0 0 0 0 0 0 0 0 0 0 0.002356258 0 0 0 0 0 0 0 0 0.002126724 0 "23"
"101" "left retroauricular crease" "Phase 1" "SRS017849" 0 0 39312 1.382049939 0 0 0 0 0 0 0 0 0.201438693 0 0 0 0.453101837 0 0 0 0 0 0 0 0 0.061986507 0.100978436 0 0 0 0 0 0 0.182494527 0 0 0 "41"
"102" "left retroauricular crease" "Phase 1" "SRS019015" 21 1.056801196 31442 1.105372766 0 0 0 0 0 0 0 0 0.241672065 0 0 0 0 0 0 0 0 0 0 0 0 0.664950379 0 0 0.00211832 0 0 0 0 0 0 0.091259236 0 "72"
"103" "left retroauricular crease" "Phase 1" "SRS019063" 0 0 21002 0.7383448518 0 0 0 0 0 0 0 0 0.036698052 0 0.125173764 0.727596509 0 0 0 0 0 0 0 0 0 0 0.058536406 0 0 0 0 0 0.051995269 0 0 0 0 "76"
"104" "left retroauricular crease" "Phase 1" "SRS020261" 0 0 8135 0.2859934944 0 0 0 0 0 0 0 0 0.25785687 0 0 0 0 0 0 0 0.002631353 0 0 0 0 0.188745477 0.072861212 0 0 0 0.13081145 0 0.085965052 0.261128585 0 0 0 "2"
"105" "left retroauricular crease" "Phase 1" "SRS024482" 162 8.152466368 12402 0.4360038497 0 0 0 0 0 0 0 0.174154943 0.321524826 0 0 0 0 0 0 0 0.141910642 0 0.022626794 0 0 0 0.105689377 0 0 0 0.13354611 0 0.100547307 0 0 0 0 "27"
"106" "left retroauricular crease" "Phase 1" "SRS024596" 0 0 17961 0.6314356673 0 0 0 0 0 0 0 0.738054861 0.049251005 0 0 0 0 0 0 0 0 0 0 0 0 0.130570471 0 0 0 0 0 0 0.082123663 0 0 0 0 "28"
"107" "left retroauricular crease" "Phase 1" "SRS024620" 24 1.207772795 8593 0.3020949106 0 0 0 0 0 0 0 0 0 0 0 0 0 0 0 0 0 0 0 0 0 0.84375 0 0 0.15625 0 0 0 0 0 0 0 0 "1"
"108" "palatine tonsil" "Phase 1" "SRS014474" 0 0 823 0.02893333078 0 0 0 0.5 0 0 0 0 0 0 0 0 0 0 0 0 0 0 0.5 0 0 0 0 0 0 0 0 0 0 0 0 0 0 "66"
"109" "palatine tonsil" "Phase 1" "SRS015061" 0 0 1248 0.04387460123 0 0 0 0.974640164 0 0 0 0.025359836 0 0 0 0 0 0 0 0 0 0 0 0 0 0 0 0 0 0 0 0 0 0 0 0 0 "66"
"110" "palatine tonsil" "Phase 1" "SRS019126" 6 0.3019431988 11051 0.3885081877 0 0.871884248 0 0 0 0 0 0.061714223 0 0 0 0 0 0.000559264 0 0 0.032213858 0 0 0 0 0 0 0 0 0.032964281 0 0 0 0 0 0.000664126 0 "63"
"111" "palatine tonsil" "Phase 1" "SRS063351" 0 0 1288 0.04528083845 0 0.5 0.5 0 0 0 0 0 0 0 0 0 0 0 0 0 0 0 0 0 0 0 0 0 0 0 0 0 0 0 0 0 0 "74"
"112" "posterior fornnix" "Phase 1" "SRS013542" 0 0 202 0.007101497956 0 0 1 0 0 0 0 0 0 0 0 0 0 0 0 0 0 0 0 0 0 0 0 0 0 0 0 0 0 0 0 0 0 "19"
"113" "posterior fornnix" "Phase 1" "SRS014343" 0 0 13848 0.4868393252 0 0 1 0 0 0 0 0 0 0 0 0 0 0 0 0 0 0 0 0 0 0 0 0 0 0 0 0 0 0 0 0 0 "68"
"114" "posterior fornnix" "Phase 1" "SRS019989" 0 0 2426 0.08528828733 0 0 1 0 0 0 0 0 0 0 0 0 0 0 0 0 0 0 0 0 0 0 0 0 0 0 0 0 0 0 0 0 0 "42"
"115" "posterior fornnix" "Phase 1" "SRS054962" 0 0 3916 0.1376706237 0 0 0.689818937 0 0 0 0 0.283763728 0.026417335 0 0 0 0 0 0 0 0 0 0 0 0 0 0 0 0 0 0 0 0 0 0 0 0 "68"
"116" "posterior fornnix" "Phase 1" "SRS065347" 0 0 2876 0.101108456 0 0 0 0 0 0 0 0.081016902 0.854309261 0 0 0 0 0 0 0 0 0 0 0 0.021930437 0.0427434 0 0 0 0 0 0 0 0 0 0 0 "71"
"117" "right retroauricular crease" "Phase 1" "SRS013261" 1 0.05032386647 18777 0.6601229065 0 0 0 0 0 0 0 0.964380334 0.007121967 0 0 0 0 0 0 0 0.000774366 0 0 0.005850435 0 0.017568061 0 0 0 0 0.004304838 0 0 0 0 0 0 "28"
"118" "right retroauricular crease" "Phase 1" "SRS015381" 132 6.642750374 48860 1.717718763 0 0 0.295875578 0 0 0 0 0 0 0 0 0 0 0 0 0 0 0 0 0 0 0.566915422 0 0 0 0 0 0 0.108809451 0 0 0.02839955 0 "74"
"119" "right retroauricular crease" "Phase 1" "SRS017851" 0 0 14725 0.5176710762 0 0.328845503 0 0 0 0 0 0 0.089158057 0 0 0 0 0 0 0 0.092323398 0 0.040201685 0 0 0.2934893 0.04127867 0 0 0 0 0 0.114703387 0 0 0 0 "41"
"120" "right retroauricular crease" "Phase 1" "SRS018978" 0 0 20032 0.7042435993 0 0 0.966742267 0 0 0 0 0 0.010416212 0 0 0 0 0 0 0 0 0 0 0 0 0 0.01710894 0 0 0 0 0 0 0 0 0.005732581 0 "80"
"121" "right retroauricular crease" "Phase 1" "SRS019016" 23 1.157448929 17296 0.6080569735 0 0 0 0 0 0 0 0 0.155150767 0 0 0 0 0 0 0 0.209675532 0 0.135992348 0 0 0.337946946 0 0 0 0 0 0 0.161234406 0 0 0 0 "72"
"122" "right retroauricular crease" "Phase 1" "SRS019033" 16 0.8051818635 8279 0.2910559484 0 0 0 0 0 0 0 0 0 0 0 0 0 0 0 0 0.309300649 0 0.372266282 0 0 0 0 0 0 0 0 0 0.318433069 0 0 0 0 "72"
"123" "right retroauricular crease" "Phase 1" "SRS019064" 0 0 42567 1.496482493 0 0 0 0 0 0 0 0 0 0 0 0.451682234 0 0.065274323 0 0 0.165574858 0 0.087767146 0 0 0 0 0 0 0 0 0 0.22970144 0 0 0 0 "76"
"124" "right retroauricular crease" "Phase 1" "SRS019081" 0 0 20984 0.7377120451 0 0.401869159 0 0 0 0 0 0 0 0 0 0.431241656 0 0 0 0 0 0 0 0 0 0 0 0 0 0 0 0 0.166889186 0 0 0 0 "76"
"125" "right retroauricular crease" "Phase 1" "SRS019116" 0 0 2953 0.1038154627 0 0 1 0 0 0 0 0 0 0 0 0 0 0 0 0 0 0 0 0 0 0 0 0 0 0 0 0 0 0 0 0 0 "63"
"126" "right retroauricular crease" "Phase 1" "SRS020263" 0 0 21180 0.7446026075 0 0 0 0 0 0 0 0 0.185216163 0 0 0 0.508780384 0 0 0 0 0 0 0 0 0.202557214 0 0 0 0 0 0 0.103446239 0 0 0 0 "2"
"127" "right retroauricular crease" "Phase 1" "SRS024598" 0 0 16364 0.5752916463 0 0.48905521 0 0 0 0 0 0 0.177860384 0 0 0 0 0 0 0 0.136823614 0 0 0 0 0.050052398 0 0 0 0 0 0 0.146208393 0 0 0 0 "28"
"128" "right retroauricular crease" "Phase 1" "SRS024655" 11 0.5535625311 21487 0.7553954781 0 0.317430704 0 0 0 0 0 0 0 0 0 0 0 0 0 0 0 0 0 0 0 0.345088193 0 0 0 0 0 0 0.157549823 0 0 0.17993128 0 "1"
"129" "right retroauricular crease" "Phase 1" "SRS052988" 0 0 2030 0.07136653886 0 0 0 0 0.5 0 0 0 0 0 0 0 0 0 0.25 0 0 0 0 0 0 0 0 0 0 0.25 0 0 0 0 0 0 0 "94"
"130" "right retroauricular crease" "Phase 1" "SRS058182" 8 0.4025909317 62256 2.188667608 0 0 0.891201576 0 0 0 0 0 0.026101174 0 0 0 0 0 0 0 0.015016586 0 0.011368102 0 0 0.007494423 0.011831781 0 0.002661378 0 0.022444668 0 0.011880311 0 0 0 0 "25"
"131" "right retroauricular crease" "Phase 1" "SRS058221" 0 0 7652 0.26901318 0 0 0 0 0 0 0 0.733545593 0 0 0 0 0 0 0 0 0.018515721 0 0 0 0 0.078839832 0 0 0 0 0 0 0.109140498 0 0 0 0.059958356 "52"
"132" "saliva" "Phase 1" "SRS015055" 0 0 1875 0.06591736964 0 0 0 1 0 0 0 0 0 0 0 0 0 0 0 0 0 0 0 0 0 0 0 0 0 0 0 0 0 0 0 0 0 "66"
"133" "supragingival plaque" "Phase 1" "SRS012285" 0 0 8588 0.3019191309 0 0 1 0 0 0 0 0 0 0 0 0 0 0 0 0 0 0 0 0 0 0 0 0 0 0 0 0 0 0 0 0 0 "7"
"134" "supragingival plaque" "Phase 1" "SRS013949" 0 0 9266 0.3257548518 0 0 0 0 0 0 0 0 0 0 0 0 0 1 0 0 0 0 0 0 0 0 0 0 0 0 0 0 0 0 0 0 0 "63"
"135" "supragingival plaque" "Phase 1" "SRS015063" 0 0 5870 0.2063653119 0 0 1 0 0 0 0 0 0 0 0 0 0 0 0 0 0 0 0 0 0 0 0 0 0 0 0 0 0 0 0 0 0 "66"
"136" "supragingival plaque" "Phase 1" "SRS015755" 0 0 2141 0.07526884715 0 0 0 0 0 0 0 0.95 0 0 0 0 0 0 0 0 0 0 0 0 0 0 0 0 0 0 0 0 0 0 0 0.05 0 "78"
"137" "supragingival plaque" "Phase 1" "SRS015899" 0 0 8650 0.3040987986 1 0 0 0 0 0 0 0 0 0 0 0 0 0 0 0 0 0 0 0 0 0 0 0 0 0 0 0 0 0 0 0 0 "80"
"138" "supragingival plaque" "Phase 1" "SRS016092" 0 0 12349 0.4341405854 0 0 0.868048828 0 0 0 0 0 0 0 0 0 0 0 0 0 0 0 0 0 0 0 0 0 0 0 0 0 0 0.108506103 0 0.023445069 0 "86"
"139" "supragingival plaque" "Phase 1" "SRS016360" 0 0 14510 0.5101125512 0 0 0 0 0 0 0 0 0 0 0 0 0 0 0 0 0 0 0 0 0 0 0 0 0 0 0 0.956521739 0 0 0 0.043478261 0 "30"
"140" "supragingival plaque" "Phase 1" "SRS016541" 0 0 8083 0.284165386 0 0 0 0 0 0 0 0 0 0 0 0 0 1 0 0 0 0 0 0 0 0 0 0 0 0 0 0 0 0 0 0 0 "32"
"141" "supragingival plaque" "Phase 1" "SRS017025" 0 0 9541 0.3354227327 0 0 0 0 0 0 0 0.970149254 0 0 0 0 0 0 0 0 0 0 0 0 0 0 0 0 0 0 0 0 0 0 0 0.029850746 0 "25"
"142" "supragingival plaque" "Phase 1" "SRS017088" 0 0 11004 0.3868558589 0 0 0.949152542 0 0 0 0 0.050847458 0 0 0 0 0 0 0 0 0 0 0 0 0 0 0 0 0 0 0 0 0 0 0 0 0 "29"
"143" "supragingival plaque" "Phase 1" "SRS017227" 0 0 6757 0.2375486222 0 0 0.625 0 0 0 0 0.0625 0 0 0 0 0 0 0 0 0 0.3125 0 0 0 0 0 0 0 0 0 0 0 0 0 0 0 "33"
"144" "supragingival plaque" "Phase 1" "SRS017445" 0 0 10847 0.3813363779 0 0.077966102 0.922033898 0 0 0 0 0 0 0 0 0 0 0 0 0 0 0 0 0 0 0 0 0 0 0 0 0 0 0 0 0 0 "37"
"145" "supragingival plaque" "Phase 1" "SRS017691" 0 0 5943 0.2089316948 0 0.111111111 0.861111111 0 0 0 0 0 0 0 0 0 0 0 0 0 0 0 0 0 0 0 0 0 0 0.027777778 0 0 0 0 0 0 0 "40"
"146" "supragingival plaque" "Phase 1" "SRS018337" 0 0 4781 0.1680805036 0 0.004765687 0.902303415 0 0 0 0 0 0 0 0 0 0 0 0 0 0 0 0 0 0.092930898 0 0 0 0 0 0 0 0 0 0 0 0 "37"
"147" "supragingival plaque" "Phase 1" "SRS018394" 0 0 7978 0.2804740133 0 0.040816327 0.959183673 0 0 0 0 0 0 0 0 0 0 0 0 0 0 0 0 0 0 0 0 0 0 0 0 0 0 0 0 0 0 "35"
"148" "supragingival plaque" "Phase 1" "SRS018573" 0 0 9313 0.3274071805 0 0 0 0 0 0 0 1 0 0 0 0 0 0 0 0 0 0 0 0 0 0 0 0 0 0 0 0 0 0 0 0 0 "94"
"149" "supragingival plaque" "Phase 1" "SRS018665" 0 0 8453 0.2971730803 0 0 0 0 0 0 0 0.931034483 0 0 0 0 0 0.068965517 0 0 0 0 0 0 0 0 0 0 0 0 0 0 0 0 0 0 0 "91"
"150" "supragingival plaque" "Phase 1" "SRS019028" 0 0 9159 0.3219931672 0 0 0 0 0 0 0 0.96969697 0 0 0 0 0 0 0 0 0 0 0 0 0 0 0 0 0 0 0 0 0 0 0 0.03030303 0 "72"
"151" "supragingival plaque" "Phase 1" "SRS019077" 0 0 6903 0.2426813881 0 0 0 0 0 0 0 1 0 0 0 0 0 0 0 0 0 0 0 0 0 0 0 0 0 0 0 0 0 0 0 0 0 "76"
"152" "supragingival plaque" "Phase 1" "SRS019387" 0 0 8723 0.3066651815 0 0 0 0 0 0 0 0 0 0 0 0 0 1 0 0 0 0 0 0 0 0 0 0 0 0 0 0 0 0 0 0 0 "102"
"153" "supragingival plaque" "Phase 1" "SRS019591" 0 0 11169 0.3926565875 0 0 0 0 0 0 0 0 1 0 0 0 0 0 0 0 0 0 0 0 0 0 0 0 0 0 0 0 0 0 0 0 0 "103"
"154" "supragingival plaque" "Phase 1" "SRS019980" 0 0 10486 0.368645087 0 0.041055718 0.53372434 0 0 0 0 0.117302053 0 0 0 0 0 0 0 0 0 0 0 0 0.102639296 0 0 0 0 0 0 0 0 0 0.205278592 0 0 "42"
"155" "supragingival plaque" "Phase 1" "SRS020340" 0 0 15900 0.5589792945 0 0 0 0 0 0 0 0.995024876 0 0 0 0 0 0 0 0 0 0 0 0 0 0 0 0 0 0 0 0 0 0 0 0.004975124 0 "43"
"156" "supragingival plaque" "Phase 1" "SRS020862" 0 0 5843 0.2054161018 0 0 1 0 0 0 0 0 0 0 0 0 0 0 0 0 0 0 0 0 0 0 0 0 0 0 0 0 0 0 0 0 0 "44"
"157" "supragingival plaque" "Phase 1" "SRS022083" 0 0 6046 0.2125527557 0 0 0 0 0 0 0 0 0 0 0 0 0 1 0 0 0 0 0 0 0 0 0 0 0 0 0 0 0 0 0 0 0 "7"
"158" "supragingival plaque" "Phase 1" "SRS023358" 0 0 3730 0.1311316207 0 0 1 0 0 0 0 0 0 0 0 0 0 0 0 0 0 0 0 0 0 0 0 0 0 0 0 0 0 0 0 0 0 "48"
"159" "supragingival plaque" "Phase 1" "SRS023595" 0 0 7178 0.2523492689 0 0 0 0 0 0 0 0.954545455 0 0 0 0 0 0 0 0 0 0 0 0 0 0 0 0 0 0 0 0 0 0 0 0.045454545 0 "17"
"160" "supragingival plaque" "Phase 1" "SRS023964" 0 0 3759 0.1321511427 0 0.960784314 0.019607843 0 0 0 0 0 0 0 0 0 0 0.019607843 0 0 0 0 0 0 0 0 0 0 0 0 0 0 0 0 0 0 0 "22"
"161" "supragingival plaque" "Phase 1" "SRS024381" 0 0 9471 0.3329618175 0 0 0 0 0 0 0 0 0 0 0 0 0 1 0 0 0 0 0 0 0 0 0 0 0 0 0 0 0 0 0 0 0 "31"
"162" "supragingival plaque" "Phase 1" "SRS024649" 0 0 4176 0.1468111657 0 0 0 0 0.807692308 0 0 0 0 0 0 0 0 0.192307692 0 0 0 0 0 0 0 0 0 0 0 0 0 0 0 0 0 0 0 "29"
"163" "supragingival plaque" "Phase 1" "SRS043755" 0 0 5487 0.1929005905 0 0 0 0 0 0 0 1 0 0 0 0 0 0 0 0 0 0 0 0 0 0 0 0 0 0 0 0 0 0 0 0 0 "52"
"164" "supragingival plaque" "Phase 1" "SRS043772" 0 0 6605 0.2322049208 0 0 0 0 0 0 0 0 0 0 1 0 0 0 0 0 0 0 0 0 0 0 0 0 0 0 0 0 0 0 0 0 0 "73"
"165" "supragingival plaque" "Phase 1" "SRS044366" 0 0 1750 0.06152287833 0 0 1 0 0 0 0 0 0 0 0 0 0 0 0 0 0 0 0 0 0 0 0 0 0 0 0 0 0 0 0 0 0 "55"
"166" "supragingival plaque" "Phase 1" "SRS047634" 0 0 6787 0.2386033001 0 1 0 0 0 0 0 0 0 0 0 0 0 0 0 0 0 0 0 0 0 0 0 0 0 0 0 0 0 0 0 0 0 "35"
"167" "supragingival plaque" "Phase 1" "SRS051378" 0 0 5108 0.1795764929 0 0 0 0 0 0 0 0.958333333 0 0 0 0 0 0 0 0 0 0 0 0 0 0 0 0 0 0 0 0 0 0 0 0.041666667 0 "68"
"168" "supragingival plaque" "Phase 1" "SRS051930" 0 0 6552 0.2303416565 0 0 0 0 0 0 0 0.578947368 0 0 0 0 0 0 0 0 0 0 0 0 0 0 0 0 0.385964912 0 0 0 0 0 0 0.035087719 0 "77"
"169" "supragingival plaque" "Phase 1" "SRS075410" 0 0 10129 0.3560944198 0 0 0 0 0 0 0 0.643146796 0.222222222 0 0 0 0 0.090835361 0 0 0 0 0 0 0 0 0 0 0.04379562 0 0 0 0 0 0 0 0 "13"
"170" "tongue dorsum" "Phase 1" "SRS011086" 0 0 37412 1.315253671 0 0.001273761 0.001117902 0 0 0 0.001803899 0 0 0 0 0.976335108 0 0.00050722 0 0 0.003701957 0 0.006289566 0 0 0 0.003461652 0 0 0.001699073 0 0.000688299 0.002518448 0 0 0.000603115 0 "8"
"171" "tongue dorsum" "Phase 1" "SRS011115" 0 0 41043 1.442904854 0 0.09892214 0.279476107 0 0 0 0 0 0 0 0 0 0.576527457 0.008129694 0 0 0 0 0 0 0 0 0.005116106 0 0 0.031828496 0 0 0 0 0 0 0 "9"
"172" "tongue dorsum" "Phase 1" "SRS011243" 0 0 17692 0.621978722 0 0.11854648 0.2271362 0 0 0 0 0.352292881 0 0 0 0 0 0.054939297 0 0 0 0 0 0 0 0 0.102322465 0 0 0.144762677 0 0 0 0 0 0 0 "11"
"173" "tongue dorsum" "Phase 1" "SRS013164" 0 0 17611 0.6191310916 0 0 0.332214765 0 0 0 0 0 0.483221477 0 0 0 0 0.073825503 0 0 0 0 0 0 0 0 0.110738255 0 0 0 0 0 0 0 0 0 0 "22"
"174" "tongue dorsum" "Phase 1" "SRS013234" 0 0 40723 1.431654957 0 0.010021248 0.376799644 0 0 0 0.551950675 0 0 0 0 0 0 0.021030563 0 0 0 0 0 0 0 0 0.040197871 0 0 0 0 0 0 0 0 0 0 "28"
"175" "tongue dorsum" "Phase 1" "SRS014573" 0 0 16530 0.5811275307 0 0 0.326530612 0 0 0 0 0 0.653061224 0 0 0 0 0.020408163 0 0 0 0 0 0 0 0 0 0 0 0 0 0 0 0 0 0 0 "69"
"176" "tongue dorsum" "Phase 1" "SRS014684" 0 0 27128 0.9537100819 0 0.090855212 0 0 0 0 0 0.636115665 0 0 0 0 0 0.109322886 0 0 0 0 0 0 0 0 0.163706237 0 0 0 0 0 0 0 0 0 0 "72"
"177" "tongue dorsum" "Phase 1" "SRS014888" 0 0 16684 0.586541544 0 0 0 0 0 0 0 0.15560166 0 0 0 0 0 0.045643154 0 0 0 0.684647303 0 0 0 0 0 0 0 0.114107884 0 0 0 0 0 0 0 "70"
"178" "tongue dorsum" "Phase 1" "SRS015057" 0 0 31724 1.115286738 0 0.236281257 0 0.642778899 0 0 0 0.087668946 0 0 0 0 0 0.008737014 0 0 0 0 0 0 0 0 0.024533883 0 0 0 0 0 0 0 0 0 0 "66"
"179" "tongue dorsum" "Phase 1" "SRS015537" 0 0 39740 1.397096677 0 0.004992811 0 0 0.825646622 0 0 0.077957371 0 0 0 0 0 0.010775602 0.042612707 0 0 0 0 0 0 0 0 0 0 0.038014887 0 0 0 0 0 0 0 "79"
"180" "tongue dorsum" "Phase 1" "SRS015941" 0 0 27535 0.9680185456 0 0.382795699 0 0 0 0 0 0.4 0 0 0 0 0 0.017204301 0 0 0 0 0 0 0 0 0 0 0 0.2 0 0 0 0 0 0 0 "81"
"181" "tongue dorsum" "Phase 1" "SRS016037" 0 0 22704 0.7981802455 0 0 0 0 0 0 0 0.6433213 0 0 0 0 0 0.023104693 0 0 0 0 0 0 0 0 0 0 0 0.333574007 0 0 0 0 0 0 0 "85"
"182" "tongue dorsum" "Phase 1" "SRS016319" 0 0 23271 0.8181136581 0 0 0 0 0 0 0 0.636363636 0 0 0 0 0 0.024242424 0 0 0 0 0 0 0 0 0 0 0 0.339393939 0 0 0 0 0 0 0 "93"
"183" "tongue dorsum" "Phase 1" "SRS016342" 0 0 25227 0.8868786581 0 0.013844866 0.584714701 0 0 0 0 0 0.254811451 0 0 0 0 0.006909344 0 0 0 0 0 0 0 0 0.087443192 0.052276446 0 0 0 0 0 0 0 0 0 "30"
"184" "tongue dorsum" "Phase 1" "SRS016501" 0 0 30966 1.088638543 0 0 0 0 0 0 0 0.481753808 0 0 0 0 0 0.045754628 0 0 0 0 0 0 0 0.200475096 0.025786745 0 0 0.246229724 0 0 0 0 0 0 0 "32"
"185" "tongue dorsum" "Phase 1" "SRS016529" 0 0 34794 1.223215445 0 0.379147813 0 0 0 0 0 0.197021116 0 0 0 0 0 0.029788839 0 0 0 0 0 0 0 0 0 0 0 0.394042232 0 0 0 0 0 0 0 "32"
"186" "tongue dorsum" "Phase 1" "SRS016569" 0 0 25763 0.9057222368 0 0 0.144210405 0 0 0 0 0.791097077 0 0 0 0 0 0.01617313 0 0 0 0 0 0 0 0 0 0 0 0 0 0 0 0 0 0.048519389 0 "34"
"187" "tongue dorsum" "Phase 1" "SRS017076" 0 0 25577 0.8991832338 0 0.041584599 0.751824516 0.139362225 0 0 0 0 0 0 0 0 0 0.067228659 0 0 0 0 0 0 0 0 0 0 0 0 0 0 0 0 0 0 0 "29"
"188" "tongue dorsum" "Phase 1" "SRS017120" 0 0 30535 1.073486337 0 0.044941855 0.952690604 0 0 0 0 0 0 0 0 0 0 0.002367542 0 0 0 0 0 0 0 0 0 0 0 0 0 0 0 0 0 0 0 "26"
"189" "tongue dorsum" "Phase 1" "SRS017209" 0 0 12956 0.4554802352 0 0 0.569591896 0 0 0 0 0.065898566 0 0 0 0 0 0.011488167 0 0 0 0.255605376 0 0 0 0 0 0 0 0.097415996 0 0 0 0 0 0 0 "33"
"190" "tongue dorsum" "Phase 1" "SRS017439" 0 0 23093 0.8118559025 0 0 0.860263804 0 0 0 0 0 0.02674846 0 0 0.032185285 0 0.007112969 0 0 0 0 0 0 0 0 0.004229972 0 0 0.066400469 0 0 0 0 0.003059041 0 0 "37"
"191" "tongue dorsum" "Phase 1" "SRS017533" 4 0.2012954659 27558 0.968827132 0 0 0.971660275 0 0 0 0 0 0 0 0 0 0 0.006554528 0 0 0 0 0 0.003979569 0 0 0.017805628 0 0 0 0 0 0 0 0 0 0 "39"
"192" "tongue dorsum" "Phase 1" "SRS018591" 0 0 17701 0.6222951253 0 0 0 0 0 0 0 0.796379246 0 0 0 0 0 0.017117261 0 0.051671733 0 0 0 0 0 0 0 0 0 0.13483176 0 0 0 0 0 0 0 "94"
"193" "tongue dorsum" "Phase 1" "SRS018791" 0 0 19570 0.6880015594 0 0.216666667 0 0 0 0 0 0.5 0 0 0 0 0 0.033333333 0 0 0 0 0 0 0 0 0 0 0 0.25 0 0 0 0 0 0 0 "95"
"194" "tongue dorsum" "Phase 1" "SRS019122" 0 0 11371 0.3997580854 0 0.954987482 0 0 0 0 0 0 0.019614536 0 0 0 0 0.002877592 0 0 0 0 0 0 0 0 0 0 0 0.013948016 0 0 0 0 0 0 0.008572374 "63"
"195" "tongue dorsum" "Phase 1" "SRS019219" 0 0 13278 0.4668004448 0 0 0 0 0 0 0 0.646706587 0 0 0 0 0 0.02994012 0 0 0 0 0 0 0 0 0 0 0 0.323353293 0 0 0 0 0 0 0 "92"
"196" "tongue dorsum" "Phase 1" "SRS019607" 0 0 18214 0.6403301177 0 0 0 0 0 0 0 0.779220779 0 0 0 0 0 0.025974026 0 0 0 0 0 0 0 0 0 0 0 0.194805195 0 0 0 0 0 0 0 "103"
"197" "tongue dorsum" "Phase 1" "SRS019894" 0 0 19984 0.7025561146 0 0 0 0 0 0 0 0.6 0 0 0 0 0 0.1 0 0 0 0 0 0 0 0 0 0 0 0.3 0 0 0 0 0 0 0 "90"
"198" "tongue dorsum" "Phase 1" "SRS019974" 38 1.912306926 90419 3.178764078 0 0 0.991199134 0.000762036 0 0.000136228 0 0.001384892 0.000318515 0 0 0.000600498 0 0.000360098 0 0 0.000705589 0 0 0.001467282 0 0 0 0.000790486 0 0.001696393 0 0 0 0 0 0.00057885 0 "42"
"199" "tongue dorsum" "Phase 1" "SRS020220" 0 0 29150 1.024795373 0 0 0 0 0 0 0 0.784313725 0 0 0 0 0 0.019607843 0 0 0 0 0 0 0 0 0 0 0 0.196078431 0 0 0 0 0 0 0 "37"
"200" "tongue dorsum" "Phase 1" "SRS020856" 0 0 22711 0.798426337 0 0 0.573414074 0.184736151 0 0.004801406 0 0.156208114 0 0 0 0 0 0.024007028 0 0 0 0 0 0 0 0 0 0 0 0.056833227 0 0 0 0 0 0 0 "44"
"201" "tongue dorsum" "Phase 1" "SRS021954" 0 0 26473 0.9306829475 0 0 0 0 0 0 0 0 0.642661805 0 0 0 0 0.029170465 0 0 0 0 0 0 0 0 0 0 0 0.32816773 0 0 0 0 0 0 0 "6"
"202" "tongue dorsum" "Phase 1" "SRS022530" 0 0 10008 0.3518405522 0 0 0 0 0 0 0 0.649350649 0 0 0 0 0 0.025974026 0 0 0 0 0 0 0 0 0 0 0 0.324675325 0 0 0 0 0 0 0 "106"
"203" "tongue dorsum" "Phase 1" "SRS023557" 0 0 16734 0.5882993406 0 0 0 0 0 0 0 1 0 0 0 0 0 0 0 0 0 0 0 0 0 0 0 0 0 0 0 0 0 0 0 0 0 "12"
"204" "tongue dorsum" "Phase 1" "SRS023835" 0 0 18891 0.6641306826 0 0 0 0 0 0 0 0.640576519 0 0 0 0 0 0.023120809 0 0 0 0 0 0 0 0 0 0 0 0.336302672 0 0 0 0 0 0 0 "13"
"205" "tongue dorsum" "Phase 1" "SRS024015" 0 0 31721 1.115181271 0 0 0 0 0 0 0 0.636759582 0 0 0 0 0 0.030052265 0 0 0 0 0 0 0 0 0 0 0 0.333188153 0 0 0 0 0 0 0 "20"
"206" "tongue dorsum" "Phase 1" "SRS024138" 0 0 18764 0.6596658794 0 0 0 0 0 0 0 0 0.721659919 0 0 0 0 0.027327935 0 0 0 0 0 0 0 0 0 0 0 0.251012146 0 0 0 0 0 0 0 "18"
"207" "tongue dorsum" "Phase 1" "SRS024277" 0 0 27772 0.9763505011 0 0 0 0 0 0 0 0 0.696878857 0 0 0 0 0.061893846 0 0 0 0 0 0 0 0 0 0 0 0.241227297 0 0 0 0 0 0 0 "15"
"208" "tongue dorsum" "Phase 1" "SRS024637" 0 0 15676 0.5511043661 0 0 0.049297897 0 0 0 0 0 0 0 0 0 0 0.314656785 0 0 0 0 0 0 0 0.117013748 0 0 0 0.099489189 0 0 0 0 0 0.41954238 0 "29"
"209" "tongue dorsum" "Phase 1" "SRS042131" 0 0 25693 0.9032613217 0 0.016690585 0 0 0 0.001543145 0 0.07475565 0 0 0 0.886604176 0 0.002172713 0 0.01823373 0 0 0 0 0 0 0 0 0 0 0 0 0 0 0 0 0 "84"
"210" "tongue dorsum" "Phase 1" "SRS042643" 0 0 13236 0.4653238958 0 0 0 0 0 0.140186916 0 0.719626168 0 0 0 0 0.140186916 0 0 0 0 0 0 0 0 0 0 0 0 0 0 0 0 0 0 0 0 "52"
"211" "tongue dorsum" "Phase 1" "SRS043663" 0 0 16839 0.5919907133 0 0 0 0 0 0 0 0.648351648 0 0 0 0 0 0.021978022 0 0 0 0 0 0 0 0 0 0 0 0.32967033 0 0 0 0 0 0 0 "60"
"212" "tongue dorsum" "Phase 1" "SRS044486" 0 0 34437 1.210664778 0 0.333217433 0 0 0 0 0 0.202557565 0.123744403 0 0 0 0 0.007610867 0 0 0 0 0 0 0 0 0 0 0 0.332869732 0 0 0 0 0 0 0 "73"
"213" "tongue dorsum" "Phase 1" "SRS045127" 2 0.1006477329 4520 0.1589048057 0 0 0 0 0 0 0 0.65625 0 0 0 0 0 0.015625 0 0 0 0 0 0 0 0 0 0 0 0.328125 0 0 0 0 0 0 0 "56"
"214" "tongue dorsum" "Phase 1" "SRS045715" 0 0 6926 0.2434899745 0 0 0 0 0 0 0 1 0 0 0 0 0 0 0 0 0 0 0 0 0 0 0 0 0 0 0 0 0 0 0 0 0 "48"
"215" "tongue dorsum" "Phase 1" "SRS047210" 0 0 21121 0.7425284076 0 0 0.01053906 0 0.023276128 0.01053906 0 0 0.899202455 0 0 0 0 0.009341539 0 0 0 0 0 0 0 0 0 0 0 0.047101759 0 0 0 0 0 0 0 "67"
"216" "tongue dorsum" "Phase 1" "SRS047219" 0 0 20977 0.7374659536 0 0 0 0 0 0 0 0.68987976 0 0 0 0 0 0.080160321 0 0 0 0 0.22995992 0 0 0 0 0 0 0 0 0 0 0 0 0 0 "64"
"217" "tongue dorsum" "Phase 1" "SRS047824" 0 0 17329 0.6092171192 0 0 0 0 0 0 0 0.110521662 0.886825818 0 0 0 0 0.00265252 0 0 0 0 0 0 0 0 0 0 0 0 0 0 0 0 0 0 0 "62"
"218" "tongue dorsum" "Phase 1" "SRS048411" 0 0 19088 0.6710564009 0 0 0 0 0 0 0 0.338028169 0 0 0 0 0 0.070422535 0 0 0 0 0 0 0 0 0.591549296 0 0 0 0 0 0 0 0 0 0 "81"
"219" "tongue dorsum" "Phase 1" "SRS049147" 0 0 27533 0.9679482338 0 0 0 0 0 0 0 0.490095847 0 0 0 0 0 0.023003195 0 0 0.237699681 0 0 0 0 0 0 0 0 0.249201278 0 0 0 0 0 0 0 "19"
"220" "tongue dorsum" "Phase 1" "SRS050669" 0 0 29608 1.040896789 0 0.103916279 0.137274563 0 0 0 0 0.446142331 0 0 0 0 0 0.089595661 0 0 0 0 0 0 0 0 0 0 0 0.223071165 0 0 0 0 0 0 0 "33"
"221" "tongue dorsum" "Phase 1" "SRS057205" 0 0 12829 0.4510154321 0 0 0 0 0 0 0 0.420168067 0 0 0 0 0 0.019607843 0 0 0.56022409 0 0 0 0 0 0 0 0 0 0 0 0 0 0 0 0 "78"
"222" "tongue dorsum" "Phase 1" "SRS057791" 0 0 20843 0.7327550589 0 0 0 0 0 0 0 0.634760705 0 0 0 0 0 0.047858942 0 0 0 0 0 0 0 0 0.317380353 0 0 0 0 0 0 0 0 0 0 "107"
"223" "tongue dorsum" "Phase 1" "SRS063193" 0 0 19766 0.6948921218 0 0 0 0 0 0 0 0.650804759 0 0 0 0 0 0.023792862 0 0 0 0 0 0 0 0 0 0 0 0.325402379 0 0 0 0 0 0 0 "69"
"224" "tongue dorsum" "Phase 1" "SRS064774" 0 0 25749 0.9052300538 0 0 0.024906075 0 0 0 0 0 0 0 0 0 0 0.001380288 0 0 0 0.964858114 0 0 0 0 0 0 0 0.008855522 0 0 0 0 0 0 0 "75"
"225" "tongue dorsum" "Phase 1" "SRS077736" 0 0 94530 3.323290108 0 0.222294467 0 0 0 0 0 0.470788717 0 0 0 0 0 0.005536326 0 0 0 0 0.012535373 0 0 0 0.116683559 0 0 0.155552581 0 0 0 0 0 0.016608977 0 "32"
"226" "anterior nares" "Phase 2" "SRS012998" 0 0 2585 0.09087808028 0 0 1 0 0 0 0 0 0 0 0 0 0 0 0 0 0 0 0 0 0 0 0 0 0 0 0 0 0 0 0 0 0 "12"
"227" "anterior nares" "Phase 2" "SRS013740" 0 0 6406 0.2252088906 0 0 0 0 0 0 0 0.46742599 0.119151652 0 0 0 0 0 0 0 0.12145908 0 0 0 0 0.291963278 0 0 0 0 0 0 0 0 0 0 0 "21"
"228" "anterior nares" "Phase 2" "SRS017517" 4 0.2012954659 5166 0.1816155368 0 0 0.703088179 0 0 0 0 0.169281863 0 0 0 0 0 0 0 0 0 0 0 0 0 0 0.103535985 0 0 0 0 0 0 0 0 0.024093974 0 "39"
"229" "anterior nares" "Phase 2" "SRS024150" 0 0 2007 0.07055795246 0 0 0 0 0 0 0 1 0 0 0 0 0 0 0 0 0 0 0 0 0 0 0 0 0 0 0 0 0 0 0 0 0 "18"
"230" "anterior nares" "Phase 2" "SRS042959" 0 0 6882 0.2419431135 0 0 0 0 0.124470428 0 0 0.394568587 0 0 0 0 0 0 0 0 0 0.457033851 0 0 0 0 0.010539771 0 0 0 0 0 0 0 0.00354477 0.000395443 0.00944715 "35"
"231" "anterior nares" "Phase 2" "SRS042983" 4 0.2012954659 9738 0.342348451 0 0 0 0 0 0 0 0 0 0 0 0 0.7 0 0 0 0 0 0 0 0 0 0.1 0 0 0 0 0 0.2 0 0 0 0 "37"
"232" "anterior nares" "Phase 2" "SRS043451" 0 0 8388 0.2948879448 0 0.486657867 0 0 0 0 0 0.116313243 0.106530313 0 0 0 0 0 0 0 0.056909879 0 0 0 0 0.152191325 0.013205415 0 0 0 0 0 0.068191959 0 0 0 0 "56"
"233" "anterior nares" "Phase 2" "SRS045840" 0 0 2090 0.07347589469 0 0 0 0 0 0 0 0.16383399 0.258341317 0 0 0 0 0 0 0 0.226294811 0 0 0 0 0.291765722 0.05976416 0 0 0 0 0 0 0 0 0 0 "56"
"234" "anterior nares" "Phase 2" "SRS046035" 4 0.2012954659 993 0.03490983896 0 0 0 0 0 0 0 0 0 0 0 0 0 0 0 0 0 0 0 0 0 0 0 0 0 1 0 0 0 0 0 0 0 "41"
"235" "anterior nares" "Phase 2" "SRS052778" 0 0 12274 0.4315038906 0 0 0 0 0.815520191 0 0 0 0.014266249 0 0 0 0 0 0 0 0 0 0 0 0 0.154381809 0 0 0 0 0 0 0 0 0 0.015831751 0 "60"
"236" "anterior nares" "Phase 2" "SRS056712" 37 1.861983059 17722 0.6230333999 0 0 0 0 0 0 0 0 0 0 0 0 0.798627002 0 0 0 0 0 0 0 0 0 0 0 0 0 0.201372998 0 0 0 0 0 0 "38"
"237" "anterior nares" "Phase 2" "SRS058456" 0 0 36794 1.293527306 0 0 0 0 0 0 0.002008187 0.98009414 0.002146548 0.000375954 0.000451401 0.000279445 0 0.000408779 0 0 0 0.000164874 0 0.002184919 0 0.000981645 0 0 0.005103497 0.004368162 0 0.00078071 0 0 0 0.000651739 0 "37"
"238" "anterior nares" "Phase 2" "SRS063912" 0 0 5046 0.1773968252 0 0 0 0 0 0 0 0 0 0 0 0 0 0 0 0 0.061728395 0 0 0 0 0.938271605 0 0 0 0 0 0 0 0 0 0 0 "60"
"239" "anterior nares" "Phase 2" "SRS064097" 0 0 2615 0.09193275819 0 0 0 0 0 0 0.007361321 0 0 0 0 0 0.986043661 0 0 0 0 0 0 0 0 0 0 0 0 0 0 0 0 0 0.006595018 0 0 "106"
"240" "anterior nares" "Phase 2" "SRS074982" 0 0 166441 5.851388224 0 0.000440223 0 0 0 0 0 0.988220267 0.001204555 0.000586917 0.00060207 0.00012104 0 0.000395612 0 0 0.000212358 0.000167445 4.28e-05 0.000164795 0 0 0 0.001753624 0.001824938 0.001614819 0.000507266 0 0 0.000562817 0.000591089 0.000716754 0.000270611 "37"
"241" "anterior nares" "Phase 2" "SRS075096" 0 0 17627 0.6196935865 0 0 0 0.01454123 0.012320721 0 0 0 0.001629904 0.000219902 0.000352543 0 0 0 0 0 0 0.966809203 0 0.002843746 0 0 0.000161953 0 0 3.15e-05 0 0 0 0 0 0.001089333 0 "35"
"242" "anterior nares" "Phase 2" "SRS077322" 0 0 27842 0.9788114163 0 0 0 0 0 0 0 0.854193733 0 0 0 0 0 0.008918151 0 0 0 0 0 0 0 0 0 0 0 0.136888116 0 0 0 0 0 0 0 "63"
"243" "anterior nares" "Phase 2" "SRS077501" 0 0 411 0.01444908743 0 0.04171569 0.050359377 0 0.874783034 0 0 0 0.033141899 0 0 0 0 0 0 0 0 0 0 0 0 0 0 0 0 0 0 0 0 0 0 0 0 "79"
"244" "anterior nares" "Phase 2" "SRS078260" 2 0.1006477329 7282 0.2560054857 0 0 0.914140377 0 0 0 0 0 0.039017933 0 0 0 0 0 0 0 0 0 0 0 0 0.042188826 0 0 0 0 0 0 0.004652864 0 0 0 0 "15"
"245" "anterior nares" "Phase 2" "SRS078683" 0 0 1997 0.07020639316 0 0 0.418848168 0.09947644 0 0 0 0.481675393 0 0 0 0 0 0 0 0 0 0 0 0 0 0 0 0 0 0 0 0 0 0 0 0 0 "37"
"246" "anterior nares" "Phase 2" "SRS099357" 6 0.3019431988 1435 0.05044876023 0 0 0 0 0 0 0 0 0 0 0 0 0 0 0 0 0.355263158 0.447368421 0 0 0 0.197368421 0 0 0 0 0 0 0 0 0 0 0 "95"
"247" "anterior nares" "Phase 2" "SRS100039" 0 0 13212 0.4644801534 0 0.288645598 0 0 0 0 0 0 0 0 0 0 0 0 0 0.3930872 0.073255249 0 0 0 0 0.171866141 0.073145812 0 0 0 0 0 0 0 0 0 0 "60"
"248" "anterior nares" "Phase 2" "SRS101451" 0 0 5847 0.2055567255 0 0 0 0 0 0 0 0 0 0 0 0 0 0 0 0 0 0 0 0 0 0 0.235955056 0 0 0 0 0 0.764044944 0 0 0 0 "57"
"249" "anterior nares" "Phase 2" "SRS102820" 0 0 23592 0.8293987118 0 0 0 0 0 0 0 0.162071464 0.061346593 0 0 0 0 0 0 0 0.108376832 0 0 0 0 0.139184288 0 0 0 0 0 0 0.03838475 0.480426648 0 0 0.010209425 "39"
"250" "anterior nares" "Phase 2" "SRS104269" 11 0.5535625311 59869 2.104750402 0 0.000160657 0 0 0.000413849 0 0.000799402 0.99207999 0.000872241 0 0 0 0.000145792 0 0 0 0 0 0 0.000943789 0 0.000344365 9.99e-05 0 0.003508397 0 0 7.04e-05 0 0 0.000185969 0.000375206 0 "97"
"251" "anterior nares" "Phase 2" "SRS143228" 0 0 21978 0.77265704 0.000215096 0 0 0 0 0.001063092 0 0.989083942 0 0 0 0 0 0 0 0 0.000281362 0.00143478 0 0.00096217 0 0 0 0 0 0.005818681 0.00049988 0 0 0 0 0.000640996 0 "54"
"252" "anterior nares" "Phase 2" "SRS145515" 0 0 403 0.01416783998 0 0 0 0 0 0 0 0 0 0 0 0.666666667 0 0 0 0 0 0 0 0 0 0.333333333 0 0 0 0 0 0 0 0 0 0 0 "40"
"253" "anterior nares" "Phase 2" "SRS146731" 0 0 3690 0.1297253835 0 0 0 0 0 0 0.005107106 0.992833923 0.002058971 0 0 0 0 0 0 0 0 0 0 0 0 0 0 0 0 0 0 0 0 0 0 0 0 "109"
"254" "anterior nares" "Phase 2" "SRS147134" 0 0 1329 0.0467222316 0 0 0 0 0 0 0 1 0 0 0 0 0 0 0 0 0 0 0 0 0 0 0 0 0 0 0 0 0 0 0 0 0 "101"
"255" "anterior nares" "Phase 2" "SRS147950" 15 0.754857997 611 0.02148027352 0 0 0 0 0 0 0 0 0 0 0 0 0 0 0 0 0 1 0 0 0 0 0 0 0 0 0 0 0 0 0 0 0 "103"
"256" "attached keratinized gingiva" "Phase 2" "SRS097867" 0 0 15029 0.5283584791 0 0 0 0 0 0 0 1 0 0 0 0 0 0 0 0 0 0 0 0 0 0 0 0 0 0 0 0 0 0 0 0 0 "82"
"257" "attached keratinized gingiva" "Phase 2" "SRS098618" 0 0 16158 0.5680495246 0 0 0 0 0 0 0 1 0 0 0 0 0 0 0 0 0 0 0 0 0 0 0 0 0 0 0 0 0 0 0 0 0 "83"
"258" "buccal mucosa" "Phase 2" "SRS012918" 0 0 2774 0.09752255114 0 0 0.714285714 0 0 0 0 0.285714286 0 0 0 0 0 0 0 0 0 0 0 0 0 0 0 0 0 0 0 0 0 0 0 0 0 "13"
"259" "buccal mucosa" "Phase 2" "SRS044472" 0 0 8095 0.2845872572 0 0 0 0 0 0 0.6 0.4 0 0 0 0 0 0 0 0 0 0 0 0 0 0 0 0 0 0 0 0 0 0 0 0 0 "35"
"260" "buccal mucosa" "Phase 2" "SRS075086" 0 0 9734 0.3422078272 0 0 0 0 0 0 0 0 0 0 0 0 0 0 0 0 0 0 0.842105263 0 0 0 0 0 0 0 0 0 0 0 0 0.157894737 0 "35"
"261" "buccal mucosa" "Phase 2" "SRS078250" 0 0 21861 0.7685437961 0 0 0.625 0 0 0 0 0.25 0 0 0 0 0 0 0 0 0 0 0 0 0 0 0 0.125 0 0 0 0 0 0 0 0 0 "15"
"262" "buccal mucosa" "Phase 2" "SRS078427" 0 0 6708 0.2358259816 0 0 0 0 0 0 0 0.040895591 0 0 0 0 0 0 0 0 0 0 0 0 0 0 0.120173635 0 0.838930775 0 0 0 0 0 0 0 0 "18"
"263" "buccal mucosa" "Phase 2" "SRS104388" 0 0 3988 0.1402018507 0 0 1 0 0 0 0 0 0 0 0 0 0 0 0 0 0 0 0 0 0 0 0 0 0 0 0 0 0 0 0 0 0 "87"
"264" "buccal mucosa" "Phase 2" "SRS140653" 0 0 57 0.002003888037 0 0 0 0 0 0 0 1 0 0 0 0 0 0 0 0 0 0 0 0 0 0 0 0 0 0 0 0 0 0 0 0 0 "48"
"265" "buccal mucosa" "Phase 2" "SRS142791" 0 0 18964 0.6666970655 0 0 0 0 0 0 0 0.068495132 0 0 0 0 0 0.007808734 0 0 0 0.894341078 0 0 0 0 0 0 0 0.029355056 0 0 0 0 0 0 0 "47"
"266" "buccal mucosa" "Phase 2" "SRS143427" 0 0 3388 0.1191082924 0 0 0.5 0 0 0 0 0 0 0 0 0 0 0 0 0 0 0 0.5 0 0 0 0 0 0 0 0 0 0 0 0 0 0 "95"
"267" "buccal mucosa" "Phase 2" "SRS143509" 0 0 4759 0.1673070731 0 0 0 0 0 0 0 1 0 0 0 0 0 0 0 0 0 0 0 0 0 0 0 0 0 0 0 0 0 0 0 0 0 "110"
"268" "left retroauricular crease" "Phase 2" "SRS012924" 13 0.6542102641 23329 0.820152702 0 0.001789854 0.976082831 0.000887829 0.001534282 0.002028357 0.000412656 0 0.003051163 0 0 0 0.001109558 0.000932566 0.003159072 0.000761566 0 0.000256845 0 0 0 0 0.000734813 0 0.001756177 0.001047026 0.002233912 0 0.001031 0 0 0.001190492 0 "13"
"269" "left retroauricular crease" "Phase 2" "SRS043610" 0 0 83084 2.920895328 0 0 0 0 0 0 0.143250879 0 0.219653209 0 0 0 0 0 0 0 0.030190212 0 0.084658468 0 0 0.257789904 0.054333959 0 0 0 0 0 0.087597583 0 0 0 0.122525786 "32"
"270" "left retroauricular crease" "Phase 2" "SRS049547" 2 0.1006477329 64919 2.28228785 0 0 0 0 0 0 0.179941993 0 0.239831381 0 0 0 0.432853162 0 0 0 0.043282826 0 0 0 0 0.047557104 0 0 0 0 0 0 0.056533534 0 0 0 0 "41"
"271" "left retroauricular crease" "Phase 2" "SRS053578" 0 0 7590 0.2668335123 0 0 0 0 0 0 0 0.901160184 0.02875424 0 0.00253399 0 0 0 0 0 0.010644411 0 0.012284525 0 0 0 0.00592599 0 0 0 0.015083874 0 0.023612787 0 0 0 0 "37"
"272" "left retroauricular crease" "Phase 2" "SRS056699" 0 0 57527 2.022415212 0 0.76923809 0 0 0 0 0 0 0.157755412 0 0 0 0 0 0 0 0 0 0.008319787 0 0 0 0.000788599 0 0 0 0 0 0.063898112 0 0 0 0 "35"
"273" "left retroauricular crease" "Phase 2" "SRS057559" 0 0 74653 2.624495678 0 0 0 0 0 0 0 0.162822747 0.222830124 0 0.021931951 0 0 0 0 0 0.279301065 0 0.085128747 0 0 0 0.047221658 0 0 0 0 0 0.180763708 0 0 0 0 "39"
"274" "left retroauricular crease" "Phase 2" "SRS058646" 2 0.1006477329 25189 0.8855427327 0 0 0 0 0 0 0 0 0.133738644 0 0 0 0 0.133374558 0 0 0.11047961 0 0.019645324 0 0 0.213570621 0 0 0 0 0 0 0.081749271 0 0 0 0.307441973 "37"
"275" "left retroauricular crease" "Phase 2" "SRS075092" 0 0 29813 1.048103755 0 0 0 0 0 0 0.01840065 0.001897477 0.00511172 0 0.003970401 0 0 0 0 0 0 0.955015082 0 0 0 0.005694033 0.009910638 0 0 0 0 0 0 0 0 0 0 "35"
"276" "left retroauricular crease" "Phase 2" "SRS075355" 3 0.1509715994 24901 0.8754178248 0 0 0 0 0.722469219 0 0 0 0.214506648 0 0 0 0 0 0 0 0.033035024 0 0 0 0 0.029989109 0 0 0 0 0 0 0 0 0 0 0 "41"
"277" "left retroauricular crease" "Phase 2" "SRS077744" 4 0.2012954659 48165 1.693285391 0 0 0 0 0 0 0 0 0.713862076 0 0 0 0 0 0 0 0.103175851 0 0 0 0 0.177039055 0 0 0 0 0 0 0.005923018 0 0 0 0 "32"
"278" "left retroauricular crease" "Phase 2" "SRS077863" 0 0 124669 4.382854696 0 0 0 0 0.430118644 0 0 0 0.100452919 0 0 0 0 0 0 0 0.221444579 0 0.076751537 0 0 0.093611544 0 0 0 0 0.061928455 0 0.009893095 0 0 0 0.005799227 "12"
"279" "left retroauricular crease" "Phase 2" "SRS078433" 0 0 12057 0.4238750537 0 0.135779471 0 0 0 0 0.095834016 0 0.129652414 0 0 0 0 0.048819312 0 0 0.004925191 0 0.165756298 0 0 0 0.012532718 0 0.35510923 0 0 0 0.025312366 0 0 0 0.026278983 "18"
"280" "left retroauricular crease" "Phase 2" "SRS078679" 0 0 6678 0.2347713037 0 0 0 0 0 0 0 0.341918664 0.162900633 0 0 0 0 0 0 0 0.232342071 0 0 0 0 0 0 0 0 0 0.234755355 0 0 0 0 0 0.028083278 "37"
"281" "left retroauricular crease" "Phase 2" "SRS102816" 0 0 177075 6.225236389 0 0 0 0 0 0 0 0.244303151 0.180218601 0 0 0 0 0 0 0 0.195952918 0 0.106154761 0 0 0.03394863 0.04649073 0 0 0 0.131202615 0 0.061728595 0 0 0 0 "39"
"282" "palatine tonsil" "Phase 2" "SRS104287" 0 0 5553 0.1952208819 0 0 0.089709763 0 0.910290237 0 0 0 0 0 0 0 0 0 0 0 0 0 0 0 0 0 0 0 0 0 0 0 0 0 0 0 0 "97"
"283" "palatine tonsil" "Phase 2" "SRS143756" 0 0 1273 0.04475349949 0 0 0 0 0 0 0 1 0 0 0 0 0 0 0 0 0 0 0 0 0 0 0 0 0 0 0 0 0 0 0 0 0 "82"
"284" "posterior fornnix" "Phase 2" "SRS046034" 0 0 73 0.002566382925 0 0 0 0 0 0 0 0 0 0 0 0 0 0 0 0 0 1 0 0 0 0 0 0 0 0 0 0 0 0 0 0 0 "59"
"285" "posterior fornnix" "Phase 2" "SRS064666" 0 0 2586 0.09091323621 1 0 0 0 0 0 0 0 0 0 0 0 0 0 0 0 0 0 0 0 0 0 0 0 0 0 0 0 0 0 0 0 0 "106"
"286" "posterior fornnix" "Phase 2" "SRS098815" 0 0 8392 0.2950285685 0 0 1 0 0 0 0 0 0 0 0 0 0 0 0 0 0 0 0 0 0 0 0 0 0 0 0 0 0 0 0 0 0 "65"
"287" "posterior fornnix" "Phase 2" "SRS104309" 0 0 3983 0.1400260711 0 0 1 0 0 0 0 0 0 0 0 0 0 0 0 0 0 0 0 0 0 0 0 0 0 0 0 0 0 0 0 0 0 "97"
"288" "posterior fornnix" "Phase 2" "SRS142959" 0 0 912 0.03206220859 0 0 1 0 0 0 0 0 0 0 0 0 0 0 0 0 0 0 0 0 0 0 0 0 0 0 0 0 0 0 0 0 0 "108"
"289" "posterior fornnix" "Phase 2" "SRS148423" 0 0 967 0.03399578477 0 0 0 0 0 0 0 1 0 0 0 0 0 0 0 0 0 0 0 0 0 0 0 0 0 0 0 0 0 0 0 0 0 "108"
"290" "right antecubital fossa" "Phase 2" "SRS143565" 0 0 1471 0.05171437373 0 0 0 0 0 0 0 0.910521176 0.012371646 0 0.056887586 0 0 0 0 0 0 0 0 0 0 0 0.020219591 0 0 0 0 0 0 0 0 0 0 "55"
"291" "right retroauricular crease" "Phase 2" "SRS045605" 0 0 35488 1.247613661 0 0 0 0 0 0 0 0.277730518 0.140548512 0 0.060984596 0 0 0 0 0 0.12013787 0 0 0 0 0 0.047439052 0 0 0 0 0 0.043803513 0.30935594 0 0 0 "37"
"292" "right retroauricular crease" "Phase 2" "SRS047134" 0 0 59935 2.107070693 0 0 0 0 0.558522859 0 0 0 0.098114618 0 0 0 0 0 0 0 0.255958347 0 0 0 0 0.034691225 0.021377204 0 0 0 0 0 0.031335746 0 0 0 0 "40"
"293" "right retroauricular crease" "Phase 2" "SRS050557" 0 0 108779 3.824226961 0 0 0 0 0 0 0 0.792040493 0.059036461 0 0 0 0 0 0 0 0 0 0 0 0 0 0 0 0.148923047 0 0 0 0 0 0 0 0 "32"
"294" "right retroauricular crease" "Phase 2" "SRS075093" 4 0.2012954659 211199 7.42489736 0 0 0 0 0.043244814 0 0 0 0.006838929 0 0 0 0 0 0.00242763 0 0 0.912479483 0 0 0 0.010316632 0 0 0 0.01755394 0 0 0.007138572 0 0 0 0 "35"
"295" "right retroauricular crease" "Phase 2" "SRS075356" 4 0.2012954659 54372 1.911498252 0 0.109151787 0 0 0 0 0 0 0.146157349 0 0 0 0 0 0 0 0.069078414 0 0.04154527 0 0 0.330492354 0 0 0.094088667 0 0 0 0.209486158 0 0 0 0 "41"
"296" "right retroauricular crease" "Phase 2" "SRS077745" 2 0.1006477329 121833 4.283152478 0 0 0 0 0 0 0 0.859960153 0.036794069 0 0 0 0 0 0 0 0 0 0 0 0 0.037735486 0 0 0.044838249 0 0.020672043 0 0 0 0 0 0 "32"
"297" "right retroauricular crease" "Phase 2" "SRS077864" 0 0 98619 3.467042707 0 0 0 0 0 0 0 0.331736605 0.126793324 0 0 0.135680395 0 0 0 0 0.17483655 0 0.051823578 0 0 0.126392977 0 0 0 0 0.052736572 0 0 0 0 0 0 "12"
"298" "right retroauricular crease" "Phase 2" "SRS078257" 1 0.05032386647 29243 1.028064875 0 0 0.050533007 0 0 0.001025795 0 0 0.134583422 0 0 0.387065806 0 0 0 0 0.098710814 0 0.004296439 0 0 0.065483013 0 0 0 0 0 0 0.258301704 0 0 0 0 "15"
"299" "right retroauricular crease" "Phase 2" "SRS078434" 0 0 29430 1.034639034 0 0 0 0 0 0 0 0 0.145454653 0 0 0 0 0 0 0 0.075026912 0 0.042118919 0 0 0.033741934 0.045986017 0 0.492631039 0 0.08292837 0 0.052730792 0 0 0 0.029381365 "18"
"300" "right retroauricular crease" "Phase 2" "SRS078741" 0 0 38115 1.33996829 0 0 0 0 0 0 0 0.407609706 0 0 0 0 0 0 0 0 0.134168497 0 0 0 0 0.167156831 0 0 0 0 0 0 0.096993563 0.194071403 0 0 0 "21"
"301" "right retroauricular crease" "Phase 2" "SRS100036" 6 0.3019431988 25963 0.9127534229 0 0 0 0 0.426070739 0 0 0.247971045 0.283364395 0 0 0 0 0 0 0 0.042593821 0 0 0 0 0 0 0 0 0 0 0 0 0 0 0 0 "60"
"302" "right retroauricular crease" "Phase 2" "SRS101448" 6 0.3019431988 13508 0.4748863089 0 0.214496709 0.238598716 0 0 0 0 0 0.168935628 0 0 0 0 0 0 0 0.172217195 0 0 0 0 0.043174056 0 0 0 0 0.162577695 0 0 0 0 0 0 "57"
"303" "right retroauricular crease" "Phase 2" "SRS102817" 0 0 55866 1.964021212 0 0 0 0 0 0 0 0.229155365 0.196888717 0 0.121690931 0 0 0 0 0 0.297472427 0 0.036549789 0 0 0.017877724 0.036248991 0 0 0 0.01165726 0 0.027108852 0 0 0 0.025349944 "39"
"304" "stool" "Phase 2" "SRS045528" 0 0 8112 0.285184908 0 0 0.074889868 0 0 0 0 0.925110132 0 0 0 0 0 0 0 0 0 0 0 0 0 0 0 0 0 0 0 0 0 0 0 0 0 "32"
"305" "stool" "Phase 2" "SRS077753" 0 0 4884 0.1717015644 0 0 0 0 0 0 0 1 0 0 0 0 0 0 0 0 0 0 0 0 0 0 0 0 0 0 0 0 0 0 0 0 0 "32"
"306" "stool" "Phase 2" "SRS098514" 0 0 5559 0.1954318175 0 0.138284251 0 0 0 0 0 0.623132736 0 0 0 0 0 0 0 0.115236876 0 0 0 0 0.031156637 0 0 0 0 0 0 0 0 0.092189501 0 0 0 "55"
"307" "stool" "Phase 2" "SRS098644" 0 0 14425 0.5071242971 0 0 0 0 0 0 0 1 0 0 0 0 0 0 0 0 0 0 0 0 0 0 0 0 0 0 0 0 0 0 0 0 0 "83"
"308" "stool" "Phase 2" "SRS143598" 0 0 2533 0.08904997189 0 0 1 0 0 0 0 0 0 0 0 0 0 0 0 0 0 0 0 0 0 0 0 0 0 0 0 0 0 0 0 0 0 "55"
"309" "stool" "Phase 2" "SRS147766" 0 0 5567 0.195713065 0 0.089266489 0 0 0 0 0 0 0.84402419 0 0 0 0 0 0 0 0 0 0 0 0 0 0.066709321 0 0 0 0 0 0 0 0 0 0 "53"
"310" "stool" "Phase 2" "SRS148196" 0 0 3683 0.1294792919 0 0 0 0 1 0 0 0 0 0 0 0 0 0 0 0 0 0 0 0 0 0 0 0 0 0 0 0 0 0 0 0 0 "99"
"311" "subgingival_plaque" "Phase 2" "SRS144124" 0 0 9593 0.337250841 0 0 0.8 0 0 0 0 0.2 0 0 0 0 0 0 0 0 0 0 0 0 0 0 0 0 0 0 0 0 0 0 0 0 0 "4"
"312" "tongue dorsum" "Phase 2" "SRS012916" 0 0 33274 1.169778431 0 0 0 0 0 0 0 0.085682666 0 0 0 0 0 0.006390183 0 0 0 0 0 0 0 0.138951296 0 0.636261485 0 0.069067073 0 0.052144968 0 0 0 0.011502329 0 "13"
"313" "tongue dorsum" "Phase 2" "SRS016969" 0 0 24154 0.8491563447 0 0 0.961735253 0 0 0 0 0 0 0 0 0 0 0.025065445 0 0 0 0 0 0 0 0 0 0 0 0 0 0 0 0 0 0.013199302 0 "24"
"314" "tongue dorsum" "Phase 2" "SRS020571" 0 0 18337 0.6446542971 0 0 0 0 0 0 0 0.717948718 0 0 0 0 0 0.102564103 0 0 0 0 0 0 0 0 0 0 0 0.179487179 0 0 0 0 0 0 0 "45"
"315" "tongue dorsum" "Phase 2" "SRS020628" 0 0 28579 1.004721337 0 0 0 0.252140378 0 0 0 0.164091357 0 0 0 0 0.252140378 0.02596092 0 0 0.085186614 0 0 0 0 0 0.052386768 0 0 0 0 0 0.168093585 0 0 0 0 "46"
"316" "tongue dorsum" "Phase 2" "SRS021897" 0 0 51362 1.805678901 0 0.168510981 0 0 0 0 0 0.328734931 0 0 0 0 0.250048378 0.107508488 0 0 0 0 0 0 0 0 0 0 0 0.145197221 0 0 0 0 0 0 0 "5"
"317" "tongue dorsum" "Phase 2" "SRS022464" 0 0 16263 0.5717408973 0 0 0 0 0 0 0 0 0 0 0 0.996843055 0 0.003156945 0 0 0 0 0 0 0 0 0 0 0 0 0 0 0 0 0 0 0 "8"
"318" "tongue dorsum" "Phase 2" "SRS054807" 0 0 45369 1.59498941 0 0.137293053 0 0 0 0 0 0.141689884 0 0 0 0 0.228086154 0.044293148 0 0 0 0 0 0 0 0.364261173 0.036758601 0 0 0.047617987 0 0 0 0 0 0 0 "38"
"319" "tongue dorsum" "Phase 2" "SRS064014" 0 0 26881 0.9450265671 0 0.139672064 0.024612116 0 0 0 0 0.170917474 0 0 0 0 0 0.056614647 0 0 0 0 0 0 0 0.558688258 0.04949544 0 0 0 0 0 0 0 0 0 0 "49"
"320" "tongue dorsum" "Phase 2" "SRS075084" 0 0 29379 1.032846081 0 0 0.292672351 0 0 0.371240941 0 0.13368984 0 0 0 0 0 0.058011841 0 0 0 0 0 0 0 0 0 0 0 0.144385027 0 0 0 0 0 0 0 "35"
"321" "tongue dorsum" "Phase 2" "SRS076951" 0 0 71419 2.510801399 0 0 0 0 0 0 0 0.654867257 0 0 0 0 0 0.017699115 0 0 0 0 0 0 0 0 0 0 0 0.327433628 0 0 0 0 0 0 0 "86"
"322" "tongue dorsum" "Phase 2" "SRS077092" 0 0 44262 1.556071795 0 0 0.88239819 0 0 0 0 0.044959523 0 0 0 0 0 0.003853139 0 0 0 0 0 0.041552745 0 0 0 0 0 0.027236403 0 0 0 0 0 0 0 "73"
"323" "tongue dorsum" "Phase 2" "SRS077216" 0 0 25637 0.9012925896 0 0 0 0 0 0 0 0 0 0 0 0.344104071 0 0.074591676 0 0 0 0 0 0 0 0 0 0 0 0.581304253 0 0 0 0 0 0 0 "51"
"324" "tongue dorsum" "Phase 2" "SRS077508" 0 0 34195 1.202157043 0 0.096898828 0 0.020496371 0.788268239 0 0 0.055179553 0 0 0 0 0 0.003747293 0 0 0 0 0 0 0 0 0 0 0 0 0 0 0 0.035409716 0 0 0 "79"
"325" "tongue dorsum" "Phase 2" "SRS078425" 0 0 57160 2.009512986 0 0.050948185 0 0 0 0.464410649 0 0.219287289 0 0 0 0 0.001335348 0.07594499 0 0 0 0 0 0 0 0 0.040725197 0 0 0.147348343 0 0 0 0 0 0 0 "18"
"326" "tongue dorsum" "Phase 2" "SRS078671" 0 0 79094 2.780623165 0 0 0 0 0 0 0 0.252824038 0 0 0 0 0 0.061886473 0.106705407 0.006937849 0 0 0 0 0 0.318631118 0.089875983 0 0 0.163139132 0 0 0 0 0 0 0 "37"
"327" "tongue dorsum" "Phase 2" "SRS098818" 0 0 33321 1.171430759 0 0 0 0 0 0 0 0.825396825 0 0 0 0 0 0.037037037 0 0 0 0 0.137566138 0 0 0 0 0 0 0 0 0 0 0 0 0 0 "65"
"328" "tongue dorsum" "Phase 2" "SRS100027" 0 0 24915 0.8759100078 0 0 0 0 0 0 0 0.651162791 0 0 0 0 0 0.023255814 0 0 0 0 0 0 0 0 0 0 0 0.325581395 0 0 0 0 0 0 0 "60"
"329" "tongue dorsum" "Phase 2" "SRS103971" 0 0 21224 0.7461494684 0 0 0 0 0 0 0 0.647887324 0 0 0 0 0 0.028169014 0 0 0 0 0 0 0 0 0 0 0.323943662 0 0 0 0 0 0 0 0 "58"
"330" "tongue dorsum" "Phase 2" "SRS105115" 0 0 32640 1.147489571 0 0 0 0 0 0 0 0.671578947 0 0 0 0 0 0.023157895 0 0 0 0 0 0 0 0 0 0 0 0.305263158 0 0 0 0 0 0 0 "100"
"331" "tongue dorsum" "Phase 2" "SRS143529" 2 0.1006477329 25713 0.9039644403 0 0 0 0 0 0 0 0.648967552 0 0 0 0 0 0.012536873 0 0 0.338495575 0 0 0 0 0 0 0 0 0 0 0 0 0 0 0 0 "110"
"332" "tongue dorsum" "Phase 2" "SRS144368" 0 0 37774 1.327980118 0 0 0 0 0 0 0 0.776119403 0 0 0 0 0 0.029850746 0 0 0 0 0 0 0 0 0 0 0 0.194029851 0 0 0 0 0 0 0 "96"
"333" "tongue dorsum" "Phase 2" "SRS144512" 0 0 28658 1.007498656 0 0 0 0 0 0 0 0.462686567 0 0 0 0 0 0.074626866 0 0 0 0 0 0 0 0 0 0 0 0.462686567 0 0 0 0 0 0 0 "98"
"334" "tongue dorsum" "Phase 2" "SRS145503" 0 0 54956 1.932029315 0 0.098531772 0.336060536 0 0 0 0 0.32489921 0 0 0 0 0 0.068506244 0 0 0 0 0 0 0 0 0 0 0 0.172002237 0 0 0 0 0 0 0 "40"
"335" "tongue dorsum" "Phase 2" "SRS148276" 0 0 857 0.03012863242 0 0 1 0 0 0 0 0 0 0 0 0 0 0 0 0 0 0 0 0 0 0 0 0 0 0 0 0 0 0 0 0 0 "3"
"336" "tongue dorsum" "Phase 2" "SRS149671" 0 0 35851 1.260375263 0 0 0 0 0 0 0 0 0.732811627 0 0 0 0 0.01509223 0 0 0 0 0 0 0 0 0 0 0 0.252096143 0 0 0 0 0 0 0 "88"
"337" "tongue dorsum" "Phase 2" "SRS149961" 0 0 26647 0.9368000794 0 0 0 0 0 0 0 0.65060241 0 0 0 0 0 0.024096386 0 0 0 0 0 0 0 0 0 0 0 0.325301205 0 0 0 0 0 0 0 "89"
