"Sample.ID" "Description" "Latitude" "Logitude" "Run" "CC_1" "CC_5" "CC_8" "CC_9" "CC_15" "CC_20" "CC_22" "CC_30" "CC_45" "CC_49" "CC_50" "CC_59" "CC_72" "CC_75" "CC_78" "CC_80" "CC_93" "CC_97" "CC_121" "CC_123" "CC_130" "CC_133" "CC_151" "CC_239" "CC_291" "CC_398" "CC_425" "CC_522" "CC_700" "CC_779" "CC_1021" "CC_2198" "CC_2361"
"1" "P00011" "Washington Sq Park" "40.730811" "-73.996543" "SRR1748544" 0 0 0.063016529 0 0 0 0 0.936983471 0 0 0 0 0 0 0 0 0 0 0 0 0 0 0 0 0 0 0 0 0 0 0 0 0
"2" "P00027" "Queens Plaza" "40.748973" "-73.937243" "SRR1748547" 0 0 0 0 0 0 0 0.991251545 0 0 0 0 0 0 0 0 0.004793422 0 0 0 0 0 0 0 0 0 0 0.003955033 0 0 0 0 0
"3" "P00027" "Queens Plaza" "40.748973" "-73.937243" "SRR1748548" 0 0 0 0 0 0 0.001772831 0.970315824 0.003475583 0.003251929 0 0 0 0 0 0 0 0 0.001823967 0 0 0.001052589 0.000611615 0.005014813 0.004977812 0.004734934 0.000927117 0 0 0 0.001003809 0.001037178 0
"4" "P00033" "Elmhurst Av" "40.742454" "-73.882017" "SRR1748556" 0 0 1 0 0 0 0 0 0 0 0 0 0 0 0 0 0 0 0 0 0 0 0 0 0 0 0 0 0 0 0 0 0
"5" "P00034" "Grand Av-Newtown" "40.737015" "-73.877223" "SRR1748558" 0 0.934823508 0 0 0 0 0 0 0 0 0 0 0 0 0 0 0 0 0.043988533 0 0 0 0 0 0 0 0 0 0.021187959 0 0 0 0
"6" "P00035" "63 Dr-Rego Park" "40.729846" "-73.861604" "SRR1748560" 0 0.019839756 0 0 0 0 0 0 0 0 0 0 0.980160244 0 0 0 0 0 0 0 0 0 0 0 0 0 0 0 0 0 0 0 0
"7" "P00042" "Fort Greene Park" "40.690994" "-73.974729" "SRR1748566" 0 0 0 0 0.002456765 0 0 0.987909679 0 0 0 0 0 0 0 0 0 0 0 0 0 0 0 0.008848924 0 0 0 0 0 0 0 0.000784632 0
"8" "P00044" "Atlantic Av-Barclays Ctr" "40.684359" "-73.977666" "SRR1748568" 0 0 0 0 0 0 0 0 0 0 0 0 0.892744479 0 0 0 0 0 0 0 0 0 0 0 0 0.107255521 0 0 0 0 0 0 0
"9" "P00053" "Myrtle-Wyckoff Avs" "40.699814" "-73.911586" "SRR1748587" 0 0 0 0 0 0 0 0 0.004203901 0 0 0 0 0.000517076 0 0 0 0 0 0 0 0.004463713 0.003669247 0 0.046294583 0.932148555 0 0 0.002179298 0.001342226 0.003435631 0.001745769 0
"10" "P00061" "14 St/6 Av" "40.737335" "-73.996786" "SRR1748604" 0 0 0 0 0 0 0.008242194 0.970606878 0 0 0.00791554 0 0 0 0 0.00662058 0 0 0 0 0 0 0 0 0 0 0 0 0.006614808 0 0 0 0
"11" "P00064" "Church Av" "40.650527" "-73.962982" "SRR1748611" 0 0.94042355 0 0 0 0 0 0 0 0.04898613 0 0 0 0.01059032 0 0 0 0 0 0 0 0 0 0 0 0 0 0 0 0 0 0 0
"12" "P00072" "Avenue J" "40.625039" "-73.960803" "SRR1748619" 0 0 0 0 0 0.367385925 0 0 0 0 0 0 0 0.005056714 0 0.390029256 0 0 0 0 0 0 0 0 0 0 0 0 0 0.237528106 0 0 0
"13" "P00081" "Brighton Beach" "40.577621" "-73.961376" "SRR1748627" 0.098754175 0 0 0.255165979 0.10258256 0.12008505 0.042503056 0 0.000237713 0.006331148 0 0 0 0 0.169012756 0.12748019 0 0 0 0 0 0 0 0.077138309 0 0 0 0 0 0 0 0.000709066 0
"14" "P00081" "Brighton Beach" "40.577621" "-73.961376" "SRR1748628" 0 0 0 0 0 0 0 0 0 0 0 0 0 0 0 0 0 0 0 0 0 0 0 0 0 0.792298462 0 0 0.207701538 0 0 0 0
"15" "P00088" "7 Train   " "40.763873" "-73.963161" "SRR1748642" 0 0 0.04109589 0 0 0 0 0 0 0 0 0 0 0 0 0 0 0 0 0 0 0 0 0.010273973 0 0 0 0 0.948630137 0 0 0 0
"16" "P00091" "7 Train " "40.763329" "-73.964675" "SRR1748649" 0 0 0 0 0 0 0 0 0 0 0 0.983186534 0 0 0 0 0 0 0 0.007050213 0 0 0 0 0 0 0 0 0 0 0 0 0.009763254
"17" "P00102" "Woodside Av-61 St" "40.74563" "-73.902984" "SRR1748663" 0 0 0 0 0.46059988 0.495324359 0 0 0.003974243 0 0 0.019375766 0 0 0 0 0.004500018 0 0 0 0 0 0 0 0 0.014799805 0 0 0 0 0 0.001425928 0
"18" "P00134" "J Train " "40.696018" "-73.933535" "SRR1748708" 0 0.276300329 0 0 0 0 0 0.51990633 0.099780785 0 0 0 0 0 0 0 0 0 0 0 0 0 0.006234883 0 0 0 0 0 0.097777673 0 0 0 0
"19" "P00155" "D Train " "40.750053" "-73.987684" "SRR1748729" 0 0 0 0 0 0 0 0 0 0 0 0 0 0.315789474 0 0 0 0 0 0 0 0 0.684210526 0 0 0 0 0 0 0 0 0 0
"20" "P00165" "168 St" "40.840556" "-73.940133" "SRR1748744" 0 0.038461538 0.961538462 0 0 0 0 0 0 0 0 0 0 0 0 0 0 0 0 0 0 0 0 0 0 0 0 0 0 0 0 0 0
"21" "P00166" "168 St" "40.840556" "-73.940133" "SRR1748746" 0 0 0.205314432 0 0 0 0 0.609475073 0 0 0 0 0 0 0 0 0 0 0.102013572 0 0 0 0 0 0 0 0 0 0.083196923 0 0 0 0
"22" "P00167" "168 St" "40.840556" "-73.940133" "SRR1748748" 0 0 0 0 0.498296312 0 0 0.270875333 0 0 0 0 0 0 0 0 0 0 0 0.02322345 0 0 0.10990306 0 0 0 0.05605836 0 0.041643486 0 0 0 0
"23" "P00173" "125 St" "40.811109" "-73.952343" "SRR1748758" 0 0 0 0 0 0 0 0.123489075 0.064837306 0 0.028349451 0 0 0 0 0.783324168 0 0 0 0 0 0 0 0 0 0 0 0 0 0 0 0 0
"24" "P00200" "25 Av" "40.597704" "-73.986829" "SRR1748796" 0 0 0.233662024 0 0 0 0 0.070797983 0 0 0 0 0 0.07779174 0 0 0 0.329224961 0 0 0 0 0 0 0 0 0.205314151 0 0.08320914 0 0 0 0
"25" "P00201" "D Train " "40.601963" "-73.99377" "SRR1748797" 0 0 0 0 0 0 0 0 0 0 0.76744186 0 0 0.23255814 0 0 0 0 0 0 0 0 0 0 0 0 0 0 0 0 0 0 0
"26" "P00205" "7 Av" "40.666271" "-73.980305" "SRR1748801" 0 0 0.975046312 0 0 0 0 0 0.00058204 0 0 0 0.008133862 0.000471183 0.008202533 0.004582943 0 0 0 0 0 0 0 0 0 0.002981128 0 0 0 0 0 0 0
"27" "P00206" "7 Av" "40.666271" "-73.980305" "SRR1748802" 0 0 0 0 0 0 0 0 0 0 0.964010283 0 0 0.035989717 0 0 0 0 0 0 0 0 0 0 0 0 0 0 0 0 0 0 0
"28" "P00207" "G Train " "40.66685" "-73.981581" "SRR1748803" 0 0.012763851 0 0 0 0 0 0 0.903395528 0 0 0.073149516 0 0 0 0 0.010691105 0 0 0 0 0 0 0 0 0 0 0 0 0 0 0 0
"29" "P00211" "Times Sq-42 St/42 St" "40.757308" "-73.989735" "SRR1748807" 0 0.215005599 0 0 0.430011198 0 0 0 0 0 0 0 0 0.139977604 0 0 0 0 0 0 0 0 0 0 0 0 0.215005599 0 0 0 0 0 0
"30" "P00216" "1 Train  " "40.789739" "-73.976542" "SRR1748812" 0.100481362 0 0.094170567 0 0.169960628 0 0.031237471 0.005523193 0 0 0 0 0.295966264 0 0 0 0.001160453 0.117631672 0 0 0 0 0 0 0 0 0 0 0 0.183868391 0 0 0
"31" "P00230" "Marble Hill-225 St" "40.874561" "-73.909831" "SRR1748826" 0 0 0 0 0 0 0 0 0 0 0 0 0 0.035714286 0 0 0 0 0 0 0 0 0 0 0 0 0 0 0.964285714 0 0 0 0
"32" "P00231" "Dyckman St" "40.860531" "-73.925536" "SRR1748827" 0 0 0 0 0 0 0 0.997352162 0 0 0 0 0 0.002647838 0 0 0 0 0 0 0 0 0 0 0 0 0 0 0 0 0 0 0
"33" "P00234" "168 St" "40.840556" "-73.940133" "SRR1748830" 0.273020025 0 0.20875138 0 0 0 0 0 0.31966308 0 0 0 0 0 0 0 0 0 0 0 0.090046745 0 0 0 0.10851877 0 0 0 0 0 0 0 0
"34" "P00235" "137 St-City College" "40.822008" "-73.953676" "SRR1748831" 0 0.211903598 0.085548495 0.104122019 0 0.579990224 0 0 0 0 0 0 0 0.018435663 0 0 0 0 0 0 0 0 0 0 0 0 0 0 0 0 0 0 0
"35" "P00242" "96 St" "40.793919" "-73.972323" "SRR1748838" 0.264609764 0 0 0.075087325 0.090397661 0.14687063 0.012214617 0 0 0 0 0 0.139708603 0 0.050661878 0.092702063 0 0.086913831 0 0 0 0 0 0 0 0 0 0 0 0.039922966 0 0.000910661 0
"36" "P00245" "66 St-Lincoln Center" "40.77344" "-73.982209" "SRR1748841" 0 0 0 0 0 0 0 0 0 0 0 0 0 0.001267073 0 0 0 0 0 0 0 0 0 0 0 0.998732927 0 0 0 0 0 0 0
"37" "P00246" "66 St-Lincoln Center" "40.77344" "-73.982209" "SRR1748842" 0 0 0.435212246 0 0 0 0 0 0 0 0 0 0.220351335 0.001992276 0 0 0.014474946 0.327969198 0 0 0 0 0 0 0 0 0 0 0 0 0 0 0
"38" "P00248" "Missing" "40.686882" "-74.01512" "SRR1748844" 0 0 0 0 0 0 0.088484474 0 0.017949527 0 0 0 0.146559685 0.014015448 0 0 0.127897733 0 0 0 0 0.100118752 0 0 0.16968708 0 0.022042262 0.192311224 0 0 0.004033778 0.116900038 0
"39" "P00269" "Grand Central-42 St" "40.751776" "-73.976848" "SRR1748859" 0 0 0 0 0 0 0 0 0 0 0.016789528 0 0.954508507 0 0 0 0.028701965 0 0 0 0 0 0 0 0 0 0 0 0 0 0 0 0
"40" "P00271" "Times Sq-42 St/42 St" "40.754672" "-73.986754" "SRR1748861" 0 0 0.844996048 0 0.047886477 0 0.022914925 0 0.016059534 0.007966152 0 0 0.036245862 0.008487261 0 0 0 0 0 0 0 0 0.007775569 0 0 0 0 0.00015728 0.007510893 0 0 0 0
"41" "P00273" "N Train  " "40.755891" "-73.986701" "SRR1748863" 0 0 0 0 0 0.085447757 0 0.872136598 0 0 0 0.040598392 0 0 0 0 0 0 0 0 0 0 0 0 0 0 0 0 0 0 0 0.001817253 0
"42" "P00275" "28 St" "40.745494" "-73.988691" "SRR1748865" 0 0 0.625 0 0 0 0 0 0.1875 0 0 0 0 0 0 0 0 0 0 0 0 0 0 0.1875 0 0 0 0 0 0 0 0 0
"43" "P00276" "28 St" "40.745494" "-73.988691" "SRR1748866" 0 0 0 0 0.162027723 0.17771072 0 0 0 0 0.020210569 0 0.169330391 0 0 0.158463819 0.007051362 0.254587144 0 0.022687846 0 0 0.006441305 0 0 0 0 0 0.021489121 0 0 0 0
"44" "P00279" "14 St/6 Av" "40.738228" "-73.996209" "SRR1748869" 0 0.177524564 0.008256956 0 0 0 0 0 0 0 0 0 0.771337352 0 0 0 0 0 0 0 0 0 0 0 0 0 0 0 0.042881127 0 0 0 0
"45" "P00285" "Prince St" "40.724329" "-73.997702" "SRR1748875" 0 0.689938398 0 0 0 0 0 0 0.304928131 0 0 0 0 0.00513347 0 0 0 0 0 0 0 0 0 0 0 0 0 0 0 0 0 0 0
"46" "P00320" "Cathedral Pkwy-110 St" "40.800605" "-73.958158" "SRR1748910" 0 0 0 0 0 0 0 0.616987686 0 0 0 0.273444901 0 0 0 0 0 0 0.068203347 0 0 0 0 0.041364067 0 0 0 0 0 0 0 0 0
"47" "P00322" "Cathedral Pkwy-110 St" "40.800605" "-73.958158" "SRR1748912" 0 0 0.608518634 0 0 0 0.16003166 0 0.120513093 0 0 0 0 0.03397382 0 0 0 0 0 0 0.076962792 0 0 0 0 0 0 0 0 0 0 0 0
"48" "P00335" "14 St/6 Av" "40.737826" "-74.000201" "SRR1748925" 0 0.816373083 0 0 0 0 0 0 0 0 0 0 0.09393901 0.002234997 0 0 0 0 0 0 0 0 0 0 0 0 0 0 0.08745291 0 0 0 0
"49" "P00338" "Canal St" "40.722854" "-74.006277" "SRR1748928" 0 0 0.467746812 0.051655496 0 0 0 0 0.255908885 0 0.157209091 0 0 0 0 0.067479716 0 0 0 0 0 0 0 0 0 0 0 0 0 0 0 0 0
"50" "P00350" "Staten Island Railway  " "40.550004" "-74.153577" "SRR1748939" 0 0 0 0 0 0 0 0 0 0 0 0 0 0 0 0 0 0 0 0 0 0 0 0 0 0 0 0 0 0 0 1 0
"51" "P00354" "Tottenville" "40.5250" "-74.25" "SRR1748943" 0 0.414386355 0 0 0 0 0 0.585613645 0 0 0 0 0 0 0 0 0 0 0 0 0 0 0 0 0 0 0 0 0 0 0 0 0
"52" "P00361" "St George Ferry Terminal" "40.642979" "-74.073196" "SRR1748950" 0 0 0 0 1 0 0 0 0 0 0 0 0 0 0 0 0 0 0 0 0 0 0 0 0 0 0 0 0 0 0 0 0
"53" "P00369" "Christopher St-Sheridan Sq" "40.733422" "-74.002906" "SRR1748957" 0.6 0 0 0 0 0 0 0.4 0 0 0 0 0 0 0 0 0 0 0 0 0 0 0 0 0 0 0 0 0 0 0 0 0
"54" "P00372" "Q Train  " "40.75037" "-73.93956" "SRR1748960" 0 0 0 0 0 0 0.014697638 0 0.011651385 0 0.006171596 0 0 0 0 0 0 0 0 0 0 0 0.023580953 0 0.897163419 0.04673501 0 0 0 0 0 0 0
"55" "P00373" "36 Av" "40.756804" "-73.929575" "SRR1748961" 0 0 0 0 1 0 0 0 0 0 0 0 0 0 0 0 0 0 0 0 0 0 0 0 0 0 0 0 0 0 0 0 0
"56" "P00378" "N Train  " "40.76718" "-73.921192" "SRR1748966" 0 0.710732054 0 0 0 0 0 0 0 0 0 0 0.289267946 0 0 0 0 0 0 0 0 0 0 0 0 0 0 0 0 0 0 0 0
"57" "P00379" "Astoria-Ditmars Blvd" "40.775036" "-73.912034" "SRR1748967" 0 0 0.356531735 0 0 0 0 0.022391326 0.416736248 0 0 0 0 0.040845348 0 0 0 0 0 0 0.087590861 0 0 0 0 0 0.075904482 0 0 0 0 0 0
"58" "P00381" "G Train  " "40.783908" "-73.980005" "SRR1748969" 0 0 0 0 0 0 0 0 0 0 0.170731707 0.113821138 0 0.089430894 0 0.31300813 0 0 0 0 0.31300813 0 0 0 0 0 0 0 0 0 0 0 0
"59" "P00391" "Smith-9th Sts" "40.67358" "-73.995959" "SRR1748979" 0 0 0.420073565 0 0 0.250336424 0.111154502 0 0.218435509 0 0 0 0 0 0 0 0 0 0 0 0 0 0 0 0 0 0 0 0 0 0 0 0
"60" "P00419" "R Train  " "40.706698" "-74.003719" "SRR1749005" 0 0 0 0 0 0 0.02176508 0 0 0 0.003447502 0 0 0 0 0.012738535 0 0 0 0 0 0 0.018385501 0 0 0.919835093 0 0 0.023828288 0 0 0 0
"61" "P00423" "Court Sq" "40.747846" "-73.946" "SRR1749009" 0 0 0 0 0 0 0.097017532 0.745095034 0 0 0 0 0 0.031880789 0 0 0 0 0 0 0 0.033027492 0 0 0 0 0.016055222 0.013325667 0.063598265 0 0 0 0
"62" "P00426" "Queens Plaza" "40.748973" "-73.937243" "SRR1749012" 0 0 0 0 0 0 0 0.104506503 0 0 0 0 0 0 0 0.472648452 0 0 0.06540982 0 0 0 0 0 0 0 0.038390967 0 0.319044258 0 0 0 0
"63" "P00427" "7 Train " "40.748018" "-73.942393" "SRR1749013" 0 0 0.059008394 0 0 0 0 0.542989192 0 0 0 0 0 0.074521082 0 0 0 0 0 0 0 0 0.059197202 0 0 0 0 0.115803882 0.148480247 0 0 0 0
"64" "P00428" "74-Bway/Jackson Hts-Roosevelt Av" "40.746644" "-73.891338" "SRR1749014" 0 0 0 0 0 0 0.159836066 0.053278689 0 0 0 0 0 0 0 0 0 0 0 0 0 0 0 0 0 0 0 0 0.639344262 0 0 0.147540984 0
"65" "P00430" "F Train   " "40.746536" "-73.889585" "SRR1749016" 0 0 0 0 0 0.334747104 0 0 0.189104528 0 0 0 0 0.000909624 0.230311972 0 0 0 0 0 0 0 0 0 0 0 0 0 0 0.244926772 0 0 0
"66" "P00436" "F Train  " "40.74599" "-73.886357" "SRR1749022" 0 0 0 0 0 0 0.214014366 0 0 0 0.114140995 0 0 0.157615677 0 0 0 0 0 0.190234992 0.095117496 0 0.133758979 0 0 0 0 0 0.095117496 0 0 0 0
"67" "P00441" "Parsons Blvd" "40.707564" "-73.803326" "SRR1749027" 0 0 0 0 0 0 0 0.037800687 0 0 0 0 0 0 0 0.962199313 0 0 0 0 0 0 0 0 0 0 0 0 0 0 0 0 0
"68" "P00444" "169 St" "40.71047" "-73.793604" "SRR1749030" 0 0 0 0 0 0 0 0 0 0 0 0 0 0 0 0 0 0 0 0 0 0 0 0 0 0 0 0 0 0 0 1 0
"69" "P00463" "Hoyt-Schermerhorn Sts" "40.688484" "-73.985001" "SRR1749049" 0 0.17611192 0 0 0 0 0 0 0 0 0 0 0.411526258 0 0 0 0 0.336246514 0 0 0 0 0 0 0 0 0 0 0.076115308 0 0 0 0
"70" "P00469" "2 Train  " "40.793375" "-73.970956" "SRR1749055" 0 0 0 0 0 0 0 0 0.305555556 0 0.652777778 0 0 0.041666667 0 0 0 0 0 0 0 0 0 0 0 0 0 0 0 0 0 0 0
"71" "P00470" "2 Train  " "40.708433" "-74.007983" "SRR1749056" 0 0 0 0.421831899 0.152759932 0.046678774 0.037214684 0 0 0 0 0 0 0 0.175539936 0.162556568 0 0 0 0 0 0 0 0 0 0 0 0 0 0 0 0.003418206 0
"72" "P00473" "135 St" "40.814229" "-73.94077" "SRR1749059" 0 0.906862745 0 0 0 0 0 0 0 0 0 0 0 0 0 0 0 0 0.049019608 0 0 0 0 0 0 0 0 0 0.044117647 0 0 0 0
"73" "P00474" "135 St" "40.807754" "-73.945495" "SRR1749060" 0 0 0 0 0 0 0 0 0 0 0 0 0 0 0 0 0 0 0 0 0 0 0 0 0 0 0 0 0 0 0 1 0
"74" "P00540" "Wilson Av" "40.688764" "-73.904046" "SRR1749124" 0 0 0 0 0 0 0 0 0 0 0 0 0 0.10989011 0 0 0 0 0 0.494505495 0 0 0.395604396 0 0 0 0 0 0 0 0 0 0
"75" "P00542" "L Train " "40.688734" "-73.904119" "SRR1749126" 0 0 0.980756392 0 0 0 0 0 0.002952397 0 0 0 0 0 0 0 0 0 0 0.014011481 0 0 0.002279729 0 0 0 0 0 0 0 0 0 0
"76" "P00570" "3 Train" "40.704204" "-73.999658" "SRR1749154" 0 1 0 0 0 0 0 0 0 0 0 0 0 0 0 0 0 0 0 0 0 0 0 0 0 0 0 0 0 0 0 0 0
"77" "P00577" "Grand Central-42 St" "40.751776" "-73.976848" "SRR1749161" 1 0 0 0 0 0 0 0 0 0 0 0 0 0 0 0 0 0 0 0 0 0 0 0 0 0 0 0 0 0 0 0 0
"78" "P00587" "Astor Place" "40.730054" "-73.99107" "SRR1749171" 1 0 0 0 0 0 0 0 0 0 0 0 0 0 0 0 0 0 0 0 0 0 0 0 0 0 0 0 0 0 0 0 0
"79" "P00591" "Spring St" "40.722301" "-73.997141" "SRR1749175" 0 0 0 0.075361342 0 0 0 0.661042381 0.153815532 0 0 0 0 0.034419402 0 0 0 0.075361342 0 0 0 0 0 0 0 0 0 0 0 0 0 0 0
"80" "P00594" "6 Train" "40.721697" "-73.994265" "SRR1749178" 0 0.013355444 0 0 0 0 0 0 0 0 0 0 0.979608511 0 0 0 0 0 0 0 0 0 0.002097776 0 0 0 0 0 0.002278415 0 0.002659854 0 0
"81" "P00598" "Lexington Av/59 St" "40.762526" "-73.967967" "SRR1749182" 0 1 0 0 0 0 0 0 0 0 0 0 0 0 0 0 0 0 0 0 0 0 0 0 0 0 0 0 0 0 0 0 0
"82" "P00599" "Lexington Av/59 St" "40.762526" "-73.967967" "SRR1749183" 0.5 0 0.25 0 0 0 0 0 0 0 0 0 0 0 0 0 0 0 0 0 0 0 0 0.25 0 0 0 0 0 0 0 0 0
"83" "P00652" "72nd St" "40.775594" "-73.97641" "SRR1749236" 0 0 0 1 0 0 0 0 0 0 0 0 0 0 0 0 0 0 0 0 0 0 0 0 0 0 0 0 0 0 0 0 0
"84" "P00661" "3 Train" "40.82388" "-73.93647" "SRR1749245" 0.171716009 0 0.130209266 0 0.106592107 0 0.013415319 0 0 0 0 0 0.202066233 0 0.068193602 0.08606867 0 0.127066799 0 0 0 0 0 0 0 0 0 0 0 0.094671995 0 0 0
"85" "P00662" "3 Train" "40.82388" "-73.93647" "SRR1749246" 0 0 0 0 0 0 0 0 0.153846154 0.326923077 0 0 0 0 0 0 0 0 0 0 0 0 0.480769231 0 0 0 0 0 0 0 0 0.038461538 0
"86" "P00671" "2 Train" "40.807754" "-73.945495" "SRR1749255" 0 0 0 0 0 0 0.184656285 0.147286522 0.069027565 0 0.053540029 0 0 0.22532304 0 0 0 0 0 0 0.043236746 0 0.05768972 0 0 0 0.152932774 0 0.066307319 0 0 0 0
"87" "P00684" "86 St" "40.788644" "-73.976218" "SRR1749268" 0 0 0.8 0 0 0 0 0.2 0 0 0 0 0 0 0 0 0 0 0 0 0 0 0 0 0 0 0 0 0 0 0 0 0
"88" "P00695" "157 St" "40.834041" "-73.94489" "SRR1749279" 0 0 0 0 0 0 0 1 0 0 0 0 0 0 0 0 0 0 0 0 0 0 0 0 0 0 0 0 0 0 0 0 0
"89" "P00743" "E Train" "40.712582" "-74.009781" "SRR1749327" 0 0 0.967838548 0.018944201 0 0 0.002782034 0 0 0 0 0.010435218 0 0 0 0 0 0 0 0 0 0 0 0 0 0 0 0 0 0 0 0 0
"90" "P00748" "4 Train" "40.704817" "-74.014065" "SRR1749332" 0 0 0.972517556 0 0 6.62e-05 0 0 0.025274731 0 0 0 0 0.002141514 0 0 0 0 0 0 0 0 0 0 0 0 0 0 0 0 0 0 0
"91" "P00753" "5 Av-53 St" "40.760167" "-73.975224" "SRR1749336" 0 0 0 0 1 0 0 0 0 0 0 0 0 0 0 0 0 0 0 0 0 0 0 0 0 0 0 0 0 0 0 0 0
"92" "P00758" "L Train " "40.733551" "-73.987942" "SRR1749341" 0 0 0 0 0 0 0 0 0.941925219 0.058074781 0 0 0 0 0 0 0 0 0 0 0 0 0 0 0 0 0 0 0 0 0 0 0
"93" "P00761" "1 Av" "40.730953" "-73.981628" "SRR1749344" 0 0 0.774193548 0 0 0 0 0 0.096774194 0 0 0 0 0 0 0 0 0 0 0 0 0 0 0 0 0 0 0 0.129032258 0 0 0 0
"94" "P00762" "1 Av" "40.730953" "-73.981628" "SRR1749345" 0 0 0 0 0.285329945 0 0 0 0 0.022473061 0 0 0 0 0.68470698 0 0.004066332 0 0 0 0 0 0 0 0 0 0 0.003423681 0 0 0 0 0
"95" "P00764" "M Train " "40.718579" "-73.986959" "SRR1749347" 0 0 0 0.401294498 0 0 0 0.246494067 0 0 0.067961165 0 0 0 0 0 0.012405609 0 0 0 0 0 0.116504854 0 0 0 0 0 0.155339806 0 0 0 0
"96" "P00778" "47-50 Sts Rockefeller Center" "40.758663" "-73.981329" "SRR1749361" 0.083673075 0.021890433 0 0.071135365 0.047767402 0.032892373 0 0.664104403 0 0 0 0 0.058020298 0 0 0.020516651 0 0 0 0 0 0 0 0 0 0 0 0 0 0 0 0 0
"97" "P00779" "7 Av" "40.762862" "-73.981637" "SRR1749362" 0 0 0 0 0 0 0 0 0.089282163 0 0 0 0.83493831 0 0 0 0 0 0 0 0 0 0 0 0 0.075779526 0 0 0 0 0 0 0
"98" "P00783" "Avenue U" "40.596063" "-73.973357" "SRR1749366" 0 0 0.097201245 0 0 0 0 0.525556904 0 0 0 0 0 0.082761386 0 0 0 0 0 0 0 0 0.050639625 0 0 0 0 0 0.24384084 0 0 0 0
"99" "P00786" "116 St" "40.805085" "-73.954882" "SRR1749369" 0 0 0 0 0 0 0 0 0 0 0 0 0.013733532 0 0 0 0 0 0 0 0 0 0 0 0 0.972649928 0 0 0 0 0 0 0.01361654
"100" "P00791" "155 St" "40.830135" "-73.938209" "SRR1749374" 0 0 0 0 0 0 0.5 0.5 0 0 0 0 0 0 0 0 0 0 0 0 0 0 0 0 0 0 0 0 0 0 0 0 0
"101" "P00792" "155 St" "40.830135" "-73.938209" "SRR1749375" 0 0 0 0 0 0.001144015 0.016938468 0 0.858653308 0.002458106 0.014068141 0 0 0 0 0 0.004526085 0 0 0.010606508 0 0 0.013544013 0 0 0.054868662 0 0.012390582 0 0 0 0.001145799 0.009656313
"102" "P00794" "B Train " "40.832584" "-73.92756" "SRR1749377" 0 0.237922334 0.61157266 0 0 0 0 0 0 0 0 0 0 0 0 0 0 0.093656627 0 0 0 0 0 0 0 0 0 0 0.056848379 0 0 0 0
"103" "P00800" "F Train" "40.761906" "-73.959081" "SRR1749383" 0 0 0 0 0 0 0 0.981775701 0 0 0 0 0 0 0 0 0 0 0 0 0 0 0 0 0.018224299 0 0 0 0 0 0 0 0
"104" "P00857" "Sutphin Blvd" "40.70546" "-73.810708" "SRR1749440" 0 0 0 0 0 0 0.248968443 0.335444877 0 0 0 0 0 0.073807171 0 0 0 0 0.341779508 0 0 0 0 0 0 0 0 0 0 0 0 0 0
"105" "P00883" "67 Av" "40.726523" "-73.852719" "SRR1749465" 0 0 0 0 0 0 0 0 0 0 0 0 0 0 0 0 0 0 0 1 0 0 0 0 0 0 0 0 0 0 0 0 0
"106" "P00903" "52 St" "40.744149" "-73.912549" "SRR1749483" 0 0 0 0.005046882 0 0 0 0.978594155 0 0 0 0 0 0 0 0 0 0 0 0 0 0 0.006187711 0 0.010171253 0 0 0 0 0 0 0 0
"107" "P00908" "74-Bway/Jackson Hts-Roosevelt Av" "40.746848" "-73.891394" "SRR1749488" 0 0 0 0 0 0 0 0 0 0 0 0 0 0.015143603 0.411488251 0.161879896 0 0 0 0 0 0 0 0 0 0 0.205744125 0 0 0.205744125 0 0 0
"108" "P00947" "M Train" "40.704565" "-73.902704" "SRR1749526" 0 0 0 0 0 0 0 0 0 0 0 0 0 1 0 0 0 0 0 0 0 0 0 0 0 0 0 0 0 0 0 0 0
"109" "P00954" "Wall St" "40.707557" "-74.011862" "SRR1749533" 0 0 0 0 0 0 0 0.013933887 0 0 0 0 0 0 0 0 0 0 0 0 0 0 0 0 0 0.986066113 0 0 0 0 0 0 0
"110" "P00966" "R Train" "40.749374" "-73.900888" "SRR1749545" 0.001661347 0.001993117 0.992165025 0 0.000544969 0 0.000314654 0.000288583 0 0 0.000266711 0.00013481 0.00020456 0 0.000602738 0 0.000471979 0 0 0.000170156 0 0 0 0 0 0 0 0 0 0.000742953 0 0.0004384 0
"111" "P00970" "A Train" "40.685495" "-73.829241" "SRR1749549" 0 0 0 0 0 0 0 0 0.307199067 0 0 0 0 0.12183037 0 0 0 0 0 0 0 0.570970563 0 0 0 0 0 0 0 0 0 0 0
"112" "P00972" "A Train" "40.685495" "-73.829241" "SRR1749551" 0.11028948 0 0 0.154449313 0.038090539 0.047847461 0.01924947 0 0 0 0 0 0.169238654 0 0.219597711 0.016851322 0 0.090273836 0 0 0 0 0.005379641 0.010918499 0 0 0 0 0 0.117814075 0 0 0
"113" "P00975" "A Train" "40.637029" "-73.823233" "SRR1749554" 0.206264706 0 0 0.172609715 0 0.096966461 0.012897855 0 0 0 0 0 0.10896203 0 0.097389866 0.162022212 0 0 0 0 0 0.014033102 0 0 0 0 0 0.000571557 0 0.128282496 0 0 0
"114" "P00977" "A Train" "40.627714" "-73.821259" "SRR1749556" 0 0 0 0 0.158988416 0 0 0 0.756335032 0.039818941 0 0 0 0.001668726 0 0 0 0 0 0 0.043188885 0 0 0 0 0 0 0 0 0 0 0 0
"115" "P00979" "A Train" "40.61905" "-73.818684" "SRR1749558" 0 0 0 0.507094431 0 0.131908632 0 0 0 0 0 0 0 0 0.152410056 0 0 0 0 0 0 0 0 0 0 0 0 0 0 0.208586882 0 0 0
"116" "P00981" "A Train" "40.615401" "-73.817225" "SRR1749560" 0 0 0 0 0 0 0.133692996 0 0.004865427 0 0 0 0.717585214 0.002104202 0 0 0.025230865 0 0 0 0 0 0 0 0 0.107869746 0.008651551 0 0 0 0 0 0
"117" "P00992" "Beach 25 St" "40.600066" "-73.761353" "SRR1749571" 0 0 0.145089165 0 0 0 0.222706883 0.126886377 0 0 0.212690678 0 0 0.120331004 0 0 0 0 0 0 0 0 0.078521958 0 0 0 0 0 0 0 0 0.093773935 0
"118" "P00993" "Beach 36 St" "40.595398" "-73.768175" "SRR1749572" 0 0 0 0 0 0 0 0 0 0 0 0 0.99695586 0 0 0 0.00304414 0 0 0 0 0 0 0 0 0 0 0 0 0 0 0 0
"119" "P01007" "A Train" "40.595852" "-73.810701" "SRR1749586" 0 0 0 0 0 0 0 0 0 0 0 0 0 0.034482759 0 0 0 0 0.965517241 0 0 0 0 0 0 0 0 0 0 0 0 0 0
"120" "P01079" "Bergen St" "40.680829" "-73.975098" "SRR1749651" 0.169319826 0 0.080318379 0 0.746382055 0 0 0 0 0 0 0 0 0 0 0 0 0 0 0 0.00397974 0 0 0 0 0 0 0 0 0 0 0 0
"121" "P01096" "Newkirk Av" "40.639967" "-73.948411" "SRR1749668" 0 0.158349328 0 0 0 0.050863724 0 0.062380038 0.72840691 0 0 0 0 0 0 0 0 0 0 0 0 0 0 0 0 0 0 0 0 0 0 0 0
"122" "P01099" "5 Train" "40.635324" "-73.947859" "SRR1749671" 0 0 0.87009165 0 0 0 0.083665175 0 0 0 0 0 0 0 0 0 0 0 0 0 0 0.026365331 0.019877843 0 0 0 0 0 0 0 0 0 0
"123" "P01131" "Lorimer St/Metropolitan Av" "40.714063" "-73.950275" "SRR1749703" 0 0 0 0 0 0 0 1 0 0 0 0 0 0 0 0 0 0 0 0 0 0 0 0 0 0 0 0 0 0 0 0 0
"124" "P01132" "Graham Av" "40.714565" "-73.944053" "SRR1749704" 0 0 0 0 0 0 0 0 0 0 0 0 0 0 0 0 0 0 0 0 0 0 0 0 0 0 0 0 0 1 0 0 0
"125" "P01164" "J Train" "40.678245" "-73.902369" "SRR1749736" 0 0 0 0.007899538 0 0 0.00632205 0.977545465 0 0 0.002688646 0 0 0 0 0 0 0 0 0 0 0 0 0 0.005544301 0 0 0 0 0 0 0 0
"126" "P01234" "Fort Hamilton Pkwy" "40.650782" "-73.975776" "SRR1749806" 0 0 0 0 0 0 0 0 0 0 0 0 0 0 0 0 0 0 0 0 0 0 0 0 0 0 0 0 0 0 0 1 0
"127" "P01243" "Bay Pkwy" "40.620769" "-73.975264" "SRR1749815" 0 0 0 0 0 0.407516431 0.131995438 0 0 0 0 0 0 0.000124665 0 0.446993352 0.011219753 0 0 0 0 0 0 0 0 0 0 0 0 0 0 0.002150361 0
"128" "P01244" "Avenue N" "40.61514" "-73.974197" "SRR1749816" 0.994071785 0 0 0 0 0 0 0 0.001244476 0 0 0 0 0 0 0 0 0 0 0 0 0 0 0 0 0 0 0 0 0 0 0 0.004683739
"129" "P01251" "Avenue X" "40.58962" "-73.97425" "SRR1749823" 0 1 0 0 0 0 0 0 0 0 0 0 0 0 0 0 0 0 0 0 0 0 0 0 0 0 0 0 0 0 0 0 0
"130" "P01277" "Clinton-Washington Avs" "40.688089" "-73.966839" "SRR1749837" 0 0 0.002486789 0 0 0 0 0.997513211 0 0 0 0 0 0 0 0 0 0 0 0 0 0 0 0 0 0 0 0 0 0 0 0 0
"131" "P01329" "Morrison Av-Soundview Av" "40.829521" "-73.874516" "SRR1749886" 0 0.01919909 0 0 0 0 0 0.268787265 0 0 0.06939079 0 0 0 0 0.3967812 0 0 0 0 0 0 0 0 0 0 0.077321166 0 0.168520489 0 0 0 0
"132" "P01335" "Castle Hill Av" "40.834255" "-73.851222" "SRR1749892" 0 0 0 0 0 0 0.22345401 0 0 0 0 0 0 0.26571973 0 0 0 0 0 0.175645245 0 0 0.335181015 0 0 0 0 0 0 0 0 0 0
"133" "P01347" "6 Train" "40.84788" "-73.831387" "SRR1749904" 0 0 0 0 0 0 0 0 0 0 0 0 0 0 0 0 0 0 0 1 0 0 0 0 0 0 0 0 0 0 0 0 0
"134" "P01350" "6 Train" "40.852617" "-73.827718" "SRR1749907" 0 0 0 0 0 0.853522539 0.024246341 0 0 0 0 0 0 0 0.11990269 0 0 0 0 0 0 0 0 0 0 0.00232843 0 0 0 0 0 0 0
"135" "P01352" "6 Train" "40.852561" "-73.827991" "SRR1749909" 0 0.013640158 0 0 0 0 0.002954793 0 0.000305118 0.001158674 0.000509958 0 0 0.000193558 0.942531368 0 0.001153495 0.019132481 0 0 0 0 0 0 0 0 0 7.17e-05 0 0.016561099 0.001787625 0 0
"136" "P01356" "6 Train" "40.852543" "-73.827783" "SRR1749913" 0 0.288292471 0 0 0 0 0.000849524 0 0 0 0 0 0.535022378 0 0 0.056234306 0 0.119601321 0 0 0 0 0 0 0 0 0 0 0 0 0 0 0
"137" "P01360" "Pelham Bay Park" "40.852462" "-73.828121" "SRR1749917" 0.193179742 0 0.116051211 0 0 0 0 0 0.063842002 0 0 0 0 0 0 0 0.135609212 0 0 0 0 0 0.132802313 0.238957432 0 0.119558087 0 0 0 0 0 0 0
"138" "P01362" "R Train " "40.689187" "-73.990301" "SRR1749919" 0 0 0 0 0 0 0 0 0.175526065 0.075482073 0 0 0 0 0 0.564190923 0.124935846 0 0 0 0 0 0 0 0 0 0.059865093 0 0 0 0 0 0
"139" "P01373" "53 St" "40.645069" "-74.014034" "SRR1749930" 0 0 0 0.567746312 0 0 0 0 0 0 0 0 0.432253688 0 0 0 0 0 0 0 0 0 0 0 0 0 0 0 0 0 0 0 0
"140" "P01380" "86 St " "40.622687" "-74.028398" "SRR1749937" 0 0 0 0 0.490248651 0 0 0 0 0 0 0 0 0.000533303 0 0 0 0 0 0 0 0 0 0 0 0.509218046 0 0 0 0 0 0 0
"141" "P01386" "N Train " "40.632905" "-74.008356" "SRR1749943" 0 0 0 0 0 0 0 0 0 0 0 0 0.070335355 0.420339602 0 0 0 0 0 0 0 0.032235022 0.012590363 0 0 0 0 0 0 0 0 0.464499659 0
"142" "P01404" "86 St " "40.592721" "-73.97823" "SRR1749961" 0 0.374269006 0 0 0 0 0 0 0 0 0 0 0 0.070175439 0 0 0 0 0 0 0 0 0.111111111 0 0 0 0 0 0.444444444 0 0 0 0
"143" "P01409" "N Train" "40.851872" "-73.904386" "SRR1749966" 0 0 0.956583639 0.008680471 0 0.011188409 0.002816366 0 0 0 0 0.001001121 0.010523669 0.000185222 0.009021102 0 0 0 0 0 0 0 0 0 0 0 0 0 0 0 0 0 0
"144" "P01467" "Avenue M" "40.617618" "-73.959399" "SRR1749976" 0 0 0 0 0 0 0.2 0 0.2 0 0 0.3 0 0 0 0 0 0 0 0 0 0 0 0 0 0 0 0.3 0 0 0 0 0
"145" "P01474" "Ocean Pkwy" "40.576312" "-73.968501" "SRR1749981" 0 0 0 0 0 0 0.344299941 0.150056757 0 0 0 0 0 0.012850283 0 0 0.131492135 0 0 0.029538239 0 0 0 0 0 0 0 0.081493783 0 0 0 0.250268862 0
"146" "P01601" "Mosholu Parkway" "40.87975" "-73.884655" "SRR1750033" 1 0 0 0 0 0 0 0 0 0 0 0 0 0 0 0 0 0 0 0 0 0 0 0 0 0 0 0 0 0 0 0 0
"147" "P01605" "183 St" "40.858407" "-73.903879" "SRR1750037" 0 0 0.5 0 0 0 0 0.5 0 0 0 0 0 0 0 0 0 0 0 0 0 0 0 0 0 0 0 0 0 0 0 0 0
"148" "P01612" "167 St" "40.835537" "-73.9214" "SRR1750044" 0 0 0.4 0 0.6 0 0 0 0 0 0 0 0 0 0 0 0 0 0 0 0 0 0 0 0 0 0 0 0 0 0 0 0
